1000
899999983 24
899999905 609
899999472 968
899999981 77
899999391 996
899999861 692
899999863 268
899999647 882
899999773 293
899999981 45
899999699 339
899999617 565
899999695 544
899999968 94
900000001 16
899999993 377
899999569 829
899999937 177
899999711 471
899999209 805
899999983 70
899999401 634
899999700 978
899999857 575
899999673 543
899999487 843
899999871 155
899999857 358
899999847 450
899999891 171
899999384 620
899999829 533
899999565 962
899999857 379
899999879 135
899999891 266
899999641 383
899999718 632
899999569 937
899999695 544
900000001 9
899999962 134
899999866 532
899999879 135
899999857 154
899999361 690
899999989 149
899999725 763
899999899 108
899999959 443
899999920 118
899999745 470
899999491 611
899999759 687
899999962 58
899999989 445
899999674 348
899999829 533
899999689 607
899999563 799
899999201 821
900000001 11
899999491 611
899999951 98
899999992 138
899999937 185
899999952 812
899999997 54
899999668 568
899999905 229
899999917 475
899999594 434
899999687 887
899999876 182
899999703 974
899999903 224
899999979 59
899999776 676
899999795 795
899999915 408
899999776 726
899999829 359
899999433 957
899999507 624
899999531 966
899999789 797
899999587 487
899999829 359
899999921 219
899999481 585
899999556 456
899999977 427
899999487 843
899999866 772
899999857 367
899999905 602
899999917 949
899999937 353
899999857 733
899999641 956
899999803 703
899999977 72
899999413 984
899999905 609
899999921 465
899999983 139
900000001 37
899999689 607
899999983 139
899999727 282
899999745 470
899999717 309
899999759 554
899999993 35
899999841 371
899999615 675
899999361 786
899999977 214
900000000 230
899999899 142
900000000 230
899999857 148
899999993 800
899999426 986
899999848 818
899999978 432
900000001 7
899999893 397
899999623 395
899999981 111
899999857 589
899999917 773
899999969 113
899999959 67
899999976 120
899999749 325
899999832 192
899999346 684
899999993 377
899999611 671
899999635 448
899999598 890
899999978 564
899999706 830
899999977 44
899999881 313
899999846 366
899999510 972
899999893 397
899999857 834
899999444 960
899999711 471
899999647 547
899999211 936
899999801 701
900000001 3
899999829 717
899999737 779
899999979 30
899999832 192
899999593 555
899999977 87
899999841 371
899999989 75
899999361 786
899999263 774
899999611 411
899999759 687
899999989 943
899999977 569
899999601 791
899999613 909
899999551 711
899999755 868
899999677 685
899999761 529
899999857 739
899999689 607
899999676 912
899999101 976
899999897 294
899999977 214
899999791 571
899999151 891
899999857 589
899999891 902
899999431 850
899999865 605
899999431 850
899999977 259
899999611 816
899999981 221
899999829 267
899999977 143
899999992 34
899999341 871
899999465 729
899999977 72
899999753 438
899999891 171
899999551 851
899999461 775
899999841 371
899999659 594
899999857 493
899999416 736
899999689 652
899999413 984
899999745 938
900000001 65
899999891 116
899999823 423
899999881 313
899999647 882
899999911 163
899999934 302
900000001 33
899999996 396
899999416 736
899999981 39
899999471 536
899999841 297
899999795 795
900000001 577
899999791 623
899999673 543
899999891 990
899999677 790
899999461 775
900000001 151
899999812 328
899999633 603
899999993 800
899999361 690
899999767 334
899999920 770
899999977 693
899999829 495
899999894 500
899999589 803
899999857 197
899999569 898
899999997 372
899999937 653
899999795 795
899999857 197
899999959 52
899999897 294
899999449 970
899999857 834
899999611 979
899999951 486
899999878 260
899999589 803
899999997 107
899999857 715
899999941 141
899999801 453
899999569 625
899999727 563
899999920 770
899999906 356
899999857 919
899999615 675
899999641 765
899999955 99
899999631 866
899999659 594
899999569 553
899999921 465
899999977 143
899999869 787
899999587 487
899999598 890
899999981 45
899999773 293
899999941 421
899999101 991
899999857 433
899999109 987
899999866 258
899999946 872
899999829 495
899999841 741
899999829 183
899999776 676
899999689 435
899999727 282
899999686 586
899999941 106
899999899 283
899999893 199
899999623 395
899999937 353
899999445 767
899999857 433
899999551 640
899999977 853
899999745 449
899999706 830
899999848 818
899999917 949
900000001 41
899999431 760
899999980 42
899999598 890
899999497 793
900000001 901
899999765 374
899999977 259
899999992 220
899999212 860
899999545 499
899999344 730
899999596 496
899999673 543
900000001 301
899999989 629
899999993 18
899999805 947
899999689 652
900000000 132
899999791 934
899999449 647
899999891 171
899999857 953
899999449 970
899999563 454
899999689 745
899999977 44
899999861 692
899999983 24
899999689 407
899999563 907
899999816 534
899999937 243
899999401 845
899999857 817
899999641 574
899999864 488
899999937 342
899999601 633
899999425 865
899999941 85
900000001 226
899999981 696
899999891 990
900000001 901
899999361 786
900000001 26
899999993 800
899999101 911
899999857 785
899999689 900
899999857 190
899999989 472
899999441 621
899999677 790
899999677 343
900000001 4
899999426 986
899999857 489
899999699 339
899999857 985
899999280 740
899999989 112
899999863 179
899999989 943
899999101 973
900000001 321
899999941 141
899999877 333
899999993 189
899999937 243
899999941 211
899999888 522
899999992 220
899999857 460
899999959 287
899999575 940
899999582 482
900000001 49
899999857 613
899999921 233
899999857 190
900000001 17
899999981 279
899999863 175
899999981 279
899999952 812
899999906 246
899999641 541
899999976 858
899999794 582
899999976 426
899999731 316
899999905 913
899999785 319
899999841 741
899999791 934
899999952 90
899999937 122
899999689 708
899999812 328
899999905 115
899999869 525
899999865 303
899999745 897
899999448 854
899999217 945
899999871 155
900000001 226
899999789 399
899999981 696
899999569 829
899999564 492
899999951 486
899999807 480
899999803 235
899999891 203
899999863 179
899999801 453
900000001 751
899999757 389
899999989 445
899999857 613
899999937 122
899999169 879
899999951 195
899999920 770
899999998 40
899999944 814
899999981 111
899999848 172
899999773 293
899999377 975
899999906 156
899999937 243
899999857 409
899999773 293
899999758 424
899999751 311
899999444 992
899999981 96
899999979 59
899999229 789
899999857 205
899999596 802
899999593 555
899999979 30
899999848 388
899999878 778
899999979 30
900000000 132
899999915 815
899999757 389
899999777 417
899999461 775
899999857 393
899999772 324
899999875 187
899999794 694
899999891 266
899999803 703
899999673 543
899999761 661
899999863 535
899999544 552
899999857 358
899999992 304
899999981 837
899999944 814
899999921 146
899999444 948
899999857 834
900000001 501
899999917 317
899999989 629
899999959 375
899999619 630
899999857 698
899999785 637
899999715 362
899999847 899
899999993 377
899999905 913
899999865 605
899999794 582
899999803 703
899999926 826
899999361 833
899999751 404
899999361 833
899999983 967
899999937 497
900000001 251
899999812 982
899999977 345
900000001 46
899999845 277
899999757 270
899999211 936
899999891 116
899999857 433
899999772 324
899999848 818
899999857 505
899999946 336
899999650 538
899999857 834
899999759 687
899999989 472
899999589 803
899999759 344
899999921 581
899999521 841
899999917 773
899999633 689
899999857 337
900000001 31
899999689 652
899999976 596
900000001 5
900000001 151
899999976 86
899999959 287
899999981 23
899999933 299
899999805 947
899999311 880
900000001 226
899999911 479
899999217 945
899999977 520
899999461 646
899999703 974
899999431 850
899999891 783
899999977 130
899999791 934
900000001 257
899999759 344
899999998 40
899999386 682
899999551 851
899999676 920
900000001 97
899999587 487
899999263 774
899999983 162
899999633 603
899999899 659
899999812 202
899999751 311
899999977 427
899999892 204
899999521 561
899999857 165
899999615 675
899999899 215
899999753 875
899999937 327
899999870 278
899999703 764
899999878 778
899999908 252
899999581 549
899999167 958
899999626 876
899999911 271
899999979 128
899999857 245
899999992 12
899999830 244
899999857 205
899999751 807
899999857 739
899999169 879
899999571 591
899999391 996
899999689 610
899999977 853
900000001 49
899999899 750
900000001 46
899999745 269
899999937 254
899999807 480
899999593 555
899999457 929
899999536 674
899999487 558
899999491 794
899999805 474
899999988 200
899999997 15
899999545 499
899999857 977
899999857 489
899999992 100
899999905 305
899999878 778
899999517 885
899999983 484
899999332 848
899999751 776
899999976 176
899999806 256
899999937 125
899999866 296
899999660 378
899999689 473
899999609 515
899999920 770
899999829 359
899999596 446
899999563 463
899999545 499
899999757 270
899999848 172
899999979 30
899999997 567
899999727 282
899999794 748
899999805 320
899999937 683
899999601 951
899999828 384
899999759 344
899999893 199
900000001 11
899999077 965
899999563 628
899999857 205
899999941 85
899999073 983
899999073 983
899999711 831
899999857 985
899999569 625
899999794 748
899999661 645
899999391 734
899999661 461
899999333 725
899999857 239
899999633 603
899999794 748
899999993 825
899999551 766
899999517 885
899999905 913
899999859 954
900000001 41
899999941 141
899999997 567
899999891 990
899999647 882
900000001 129
899999899 643
899999981 56
900000000 230
899999946 872
899999751 326
899999101 926
899999401 845
899999891 203
899999677 685
899999897 642
899999816 452
899999981 221
899999641 541
899999969 113
899999805 474
899999959 67
899999611 616
899999899 322
899999481 731
899999847 899
900000000 20
899999920 92
899999911 406
899999888 314
899999335 950
899999751 807
900000001 801
899999866 772
899999812 982
899999829 267
899999997 567
899999891 116
899999545 665
899999921 546
899999757 539
899999647 882
899999401 634
899999745 537
899999332 904
899999609 515
37 138
14979 22617
17434 17454
2060 9543
2714 4859
867 3369
15444 20271
5734 12126
1712 5960
5622 17252
3023 11474
9580 22090
13273 15741
22348 31848
14979 17010
1611 19277
25052 27111
6575 12281
3487 16113
29710 30029
438 922
1559 3775
27556 28980
1592 31570
4871 21229
5769 21702
4777 11939
395 24331
1879 28665
1466 11260
2083 18858
4482 10058
5697 16669
7736 7862
1267 6202
739 6788
2270 2429
6020 6700
2054 2632
1963 2386
798 1918
41 248
4473 20557
5270 10483
644 9035
12461 19867
1592 4549
13133 32199
1858 11603
8019 17657
3601 13232
16314 21973
8455 11465
137 14552
5469 12052
5057 21318
6640 15907
12134 23140
27492 30585
1588 1768
3 412
4622 7342
13890 29036
1936 6828
2462 6578
2355 10024
2666 30972
2232 3112
249 14761
13616 22571
1053 30784
22883 30486
492 17414
1817 22385
2219 3535
3081 28627
2537 30996
8259 14491
11950 17222
11555 28129
582 13666
3990 11693
7388 21446
1512 18022
11151 16451
8586 18829
369 627
4089 13995
3256 10828
10861 21127
127 246
14049 32413
11317 15322
4725 9420
15695 26108
2126 2895
1428 29578
5218 9454
5739 13237
9376 12661
900000183 321
900000000 32
900000246 301
900000521 759
899999975 986
900000167 578
900000013 81
899999866 286
899999837 439
899999788 635
900000182 443
899999924 992
899999732 903
899999951 731
900000005 191
900000452 757
899999928 334
899999608 628
899999769 767
900000115 633
899999963 480
899999829 318
900000055 557
900000245 648
900000151 402
900000070 622
900000028 440
899999813 373
900000126 752
900000223 892
899999344 965
900000095 427
899999949 494
900000066 159
899999975 457
899999982 253
899999994 224
899999847 198
900000025 51
899999913 170
899999352 768
900000299 724
899999765 674
900000009 17
899999827 882
899999800 843
900000080 807
900000504 914
899999992 50
900000083 441
899999967 490
899999905 794
900000261 889
900000056 510
899999848 790
900000002 21
900000019 508
900000274 753
899999985 698
899999696 964
900000019 104
900000229 453
900000038 294
899999961 346
899999384 690
899999972 613
900000001 15
900000293 668
900000075 427
900000437 701
900000054 205
899999930 609
900000012 367
900000270 670
899999806 922
900000070 166
900000182 501
899999971 242
899999849 529
899999600 410
900000716 886
900000118 295
900000003 38
899999860 687
900000098 557
900000041 702
900000372 908
899999714 411
900000163 367
899999488 923
900000001 283
900000602 961
899999301 936
899999796 880
900000275 477
900000119 366
900000006 546
899999868 924
900000134 590
900000080 564
27227 2
8482 2
11070 2
27524 2
4371 2
9910 2
26248 2
10702 2
2300 2
7393 2
1940 2
25666 2
2071 2
32367 2
1932 2
12980 2
31985 2
7561 2
22150 2
20786 2
20088 2
13366 2
14843 2
21663 2
19981 2
24098 2
28538 2
4766 2
4058 2
24477 2
26525 2
16562 2
7526 2
24038 2
11581 2
3747 2
13926 2
27818 2
19682 2
16419 2
5079 2
5320 2
20605 2
2481 2
24905 2
14423 2
9050 2
13502 2
24702 2
30698 2
29264 2
20238 2
27443 2
32018 2
23611 2
26978 2
18238 2
20005 2
1708 2
10580 2
217 2
3902 2
27358 2
12930 2
16190 2
21637 2
28396 2
10990 2
18292 2
27057 2
8002 2
24229 2
8552 2
13003 2
7249 2
18079 2
4927 2
2612 2
4232 2
30439 2
26347 2
16361 2
17023 2
14331 2
11772 2
7686 2
6005 2
20342 2
30649 2
5769 2
6652 2
15340 2
11632 2
32345 2
22771 2
26646 2
2314 2
31111 2
12981 2
6447 2
23010 2
