1000
899999992 34
899999976 86
899999101 1000
899999997 743
899999868 170
899999596 496
899999791 623
899999960 84
899999878 260
899999893 397
899999457 893
899999689 697
899999977 427
899999545 997
899999962 58
899999689 827
899999369 777
899999635 895
899999101 973
899999977 853
899999857 550
899999657 503
899999903 447
899999689 827
899999816 606
899999937 254
899999641 541
900000001 51
899999485 655
899999734 780
899999751 807
899999751 404
899999997 8
899999983 24
899999933 597
899999977 285
899999959 562
899999764 924
899999755 868
899999575 679
899999689 349
899999846 366
900000001 17
899999816 716
899999893 133
899999776 668
899999859 954
899999237 923
899999941 421
899999441 621
899999881 313
900000001 181
900000001 51
899999598 890
899999911 811
899999939 83
899999549 510
899999992 412
899999677 685
899999983 64
899999846 366
899999857 307
899999937 369
900000001 321
899999838 584
899999617 753
899999906 498
899999400 864
899999944 814
899999487 843
899999335 768
899999773 439
899999335 742
900000001 33
899999534 528
899999687 444
900000001 76
899999753 875
899999946 336
899999361 786
899999946 612
899999593 994
899999444 992
899999773 952
899999497 793
899999510 972
899999426 986
899999725 382
899999977 173
899999641 765
899999696 666
899999789 797
899999311 880
899999993 18
899999673 573
899999585 545
899999976 858
899999959 375
899999391 618
899999969 113
899999908 252
899999871 155
899999754 662
899999329 713
899999773 927
899999951 486
899999272 874
899999937 93
899999881 824
899999905 115
899999952 90
899999229 789
899999993 104
899999465 638
899999992 28
899999776 676
899999449 970
900000001 51
899999791 286
899999101 1000
899999863 654
899999725 509
899999241 941
899999977 259
899999715 723
899999715 723
899999846 366
899999959 287
899999989 75
899999857 197
899999847 899
899999937 243
899999829 267
899999544 552
899999741 335
899999677 527
899999757 539
899999951 195
899999906 356
900000001 961
899999689 355
899999739 678
899999725 382
899999461 646
899999773 464
899999985 53
900000001 289
899999875 280
899999759 344
899999641 383
899999491 794
899999581 549
899999857 165
899999911 718
899999899 659
899999689 708
899999582 482
899999891 531
899999596 466
899999993 95
899999980 124
899999616 744
899999785 478
899999905 229
899999857 817
900000001 33
899999992 12
899999613 909
899999997 29
899999937 507
899999599 468
899999989 943
899999838 870
899999899 322
899999905 153
899999563 907
899999996 80
900000001 451
899999317 838
899999981 111
899999791 571
899999689 697
899999823 212
899999899 142
899999921 233
899999721 681
899999761 661
899999545 665
899999689 813
899999401 845
899999881 702
899999981 23
899999981 221
899999261 756
900000001 181
900000001 129
899999905 602
899999544 552
899999794 694
899999471 896
899999741 335
899999805 320
899999801 566
899999361 849
899999611 979
899999408 930
899999384 620
899999077 965
899999109 987
899999685 429
899999211 936
899999745 939
900000001 51
899999977 517
899999977 345
899999745 897
899999689 373
899999803 235
899999661 981
899999891 732
899999965 109
899999863 535
899999998 14
899999773 464
899999623 395
900000001 19
899999829 359
899999977 259
899999977 214
899999425 865
899999754 662
899999534 528
899999931 380
899999800 242
899999695 363
899999997 743
899999832 192
899999906 356
899999751 776
899999899 215
899999921 546
899999866 296
899999891 531
900000001 961
900000001 76
899999926 826
899999845 277
899999989 112
899999905 913
899999695 595
899999563 680
899999899 108
899999602 494
899999725 763
899999801 281
899999073 983
899999602 494
899999917 194
899999457 893
899999857 190
900000001 151
900000001 25
899999589 803
900000001 181
899999416 736
899999659 594
899999563 932
899999921 117
899999486 746
899999335 742
899999992 892
899999965 55
899999937 93
899999911 240
899999457 929
899999641 956
899999773 512
899999616 744
899999805 699
899999689 414
899999431 839
900000001 25
899999549 510
899999416 736
899999409 995
899999899 659
899999911 163
899999905 153
899999857 184
899999569 829
899999857 190
899999765 747
899999890 310
899999689 709
899999973 615
899999801 905
900000001 129
899999960 84
899999985 209
899999626 876
899999601 791
900000001 201
899999776 346
900000001 226
899999816 452
899999569 829
899999937 969
899999563 628
899999854 292
899999829 183
899999794 748
899999899 108
899999905 115
899999857 165
899999481 585
899999444 992
899999981 210
899999461 646
900000001 257
899999993 377
899999737 779
899999431 850
899999863 179
899999575 679
899999581 823
899999857 733
900000001 37
899999937 93
899999891 431
899999556 456
900000001 481
899999829 359
899999857 205
899999992 304
899999641 956
899999905 305
899999569 599
899999689 349
899999863 179
899999689 435
899999676 912
899999346 684
899999908 502
899999696 666
899999981 191
899999959 375
899999983 208
899999741 669
899999563 463
899999905 115
899999263 774
899999937 737
899999563 583
899999983 64
900000001 151
899999863 654
899999979 59
899999981 39
899999611 616
900000001 301
900000001 5
900000001 11
899999668 568
899999596 980
899999976 596
899999261 756
899999749 325
899999980 42
899999291 828
899999937 125
899999508 608
899999866 258
899999905 609
899999857 757
899999807 480
899999801 905
899999908 502
899999715 723
899999660 378
899999944 814
899999951 486
899999794 914
899999829 533
899999587 487
899999647 547
899999937 653
899999857 589
899999955 99
899999444 948
899999327 695
900000001 181
899999408 930
899999515 523
899999823 423
899999661 981
899999806 256
899999989 315
899999962 58
899999485 655
899999832 192
899999960 84
899999816 534
899999521 673
899999795 398
899999977 517
899999341 871
899999791 312
899999717 309
900000001 301
899999593 994
899999925 119
899999891 231
899999948 78
899999891 531
899999795 795
899999816 716
899999773 439
899999581 686
899999857 505
899999906 356
899999937 497
899999841 741
899999593 663
899999917 387
899999773 318
900000001 251
899999976 426
899999687 444
899999263 774
899999699 339
899999761 265
899999575 679
899999601 791
899999101 1000
899999911 479
899999829 248
899999981 837
899999565 962
899999937 737
899999801 701
899999564 492
899999976 354
899999911 811
899999385 644
900000001 101
900000001 76
899999891 266
899999881 521
899999506 514
899999491 611
899999891 266
899999999 32
899999866 772
899999496 840
899999461 775
899999755 579
899999992 34
899999641 765
899999698 462
899999668 568
899999601 791
899999715 362
899999906 246
899999899 108
899999829 533
899999857 329
899999661 491
899999601 951
899999521 841
899999968 94
899999997 107
899999948 78
899999565 962
900000001 11
899999863 535
899999803 703
899999906 156
899999859 954
899999283 755
899999908 502
899999551 511
899999976 86
899999829 267
899999700 978
899999689 414
899999905 457
899999793 504
899999950 88
899999993 800
899999409 617
899999998 14
900000001 901
899999941 85
899999581 516
899999921 465
899999800 242
899999841 371
899999829 533
899999993 35
899999101 911
899999812 202
900000001 126
899999985 209
899999944 272
899999977 87
899999593 555
899999981 557
899999488 808
899999616 744
899999983 47
899999542 688
899999563 932
899999773 318
899999611 816
899999773 927
899999807 480
899999905 457
899999993 18
899999491 611
899999894 500
899999962 400
899999680 670
899999212 860
899999717 309
899999863 268
899999989 158
900000001 901
900000001 361
899999881 521
899999551 511
899999806 458
899999920 118
899999426 986
899999816 716
899999946 612
899999641 956
899999921 219
899999771 459
899999848 172
899999563 454
899999445 767
900000001 17
899999703 764
899999920 92
899999689 809
899999875 559
899999829 365
899999857 733
899999515 842
899999997 743
899999993 137
899999981 77
899999978 432
899999680 670
899999911 479
899999841 741
899999857 862
899999920 770
899999890 310
899999948 78
899999977 517
899999959 375
899999981 140
900000001 481
899999891 506
899999905 822
900000001 161
899999661 645
899999816 534
899999857 409
899999829 533
899999647 882
899999327 695
899999877 333
899999569 625
899999431 760
899999776 676
899999903 447
899999725 382
899999761 529
899999959 79
899999611 490
899999979 62
899999611 411
899999661 645
899999841 741
899999993 35
899999876 906
899999441 621
899999449 970
899999857 883
899999739 678
900000001 41
899999857 613
899999425 649
900000001 3
899999868 300
900000001 361
899999689 473
899999937 185
899999861 692
900000001 301
900000001 321
899999933 597
899999344 730
899999764 924
899999689 355
899999893 397
899999869 263
899999857 493
899999881 313
899999689 745
899999857 739
899999923 572
899999717 309
899999857 442
899999920 274
899999959 222
899999965 55
899999897 600
899999805 699
899999741 836
899999959 430
900000001 121
899999878 260
899999703 764
899999689 414
899999776 436
900000001 145
900000001 49
899999596 446
899999641 765
899999657 503
899999829 248
899999857 409
899999542 688
899999952 812
899999888 522
899999791 312
900000001 626
900000001 61
899999881 261
899999609 515
900000001 16
899999531 966
899999745 938
900000001 81
899999905 609
899999857 205
899999937 164
899999857 757
899999765 374
899999937 485
899999613 909
899999820 198
899999993 35
899999602 494
899999993 413
899999969 57
899999575 627
900000001 49
899999959 562
899999563 583
899999996 80
899999857 428
900000001 241
899999794 694
900000001 3
899999914 114
899999881 313
899999773 635
899999983 415
899999329 713
899999981 23
899999623 707
900000001 226
899999209 805
899999894 500
899999937 185
899999977 693
899999857 307
899999877 333
899999787 722
899999425 865
899999563 932
899999547 863
899999981 45
899999873 888
899999329 713
899999857 358
899999598 890
900000001 9
899999261 756
899999857 379
899999926 166
899999926 826
900000001 577
899999857 154
899999911 271
23658 27582
2897 5442
5342 17367
4296 4592
7166 20814
197 630
26049 28921
18184 25325
4727 32075
4427 19462
2581 5147
648 1773
3739 27046
4763 6260
8156 19672
947 1901
8767 16583
11114 25175
10237 20353
17029 18494
31 31239
26293 30940
7245 27033
6036 12292
7133 17972
1364 20545
2592 22106
5666 8378
5888 19473
7350 8792
9404 25390
3990 16427
10499 13523
6122 24330
21815 25655
560 4218
862 2213
16701 27858
19566 30920
9284 22684
11985 23333
7578 14653
5575 8169
7414 23769
15465 18405
3531 6513
1636 7383
4538 26446
1986 16107
8953 31395
5237 11137
3186 8302
7488 8497
22909 25247
718 1292
1677 14204
6274 11557
2362 16452
7037 13393
17472 23314
1213 15146
328 3077
7442 14938
372 414
16310 18966
10839 14441
376 744
198 480
433 23474
1694 29324
1569 10480
18506 31597
6003 8509
9450 12956
1383 2841
3358 3887
6630 30697
1752 7261
7605 12351
23146 26595
2200 13660
447 12197
20375 31731
4145 4761
12301 17456
6889 18657
113 13049
2899 10039
1997 4212
9740 29070
7069 20425
2465 16630
1444 17449
127 193
2508 9999
16855 18148
2384 21445
2610 2976
12110 23595
289 1121
899999975 266
900000032 720
900000206 667
900000204 522
900000208 422
899999966 340
899999979 115
900000093 127
899999986 72
900000176 888
899999887 631
899999966 58
899999911 792
900000241 979
900000303 460
900000633 853
900000457 940
900000044 82
900000075 267
900000019 26
899999979 147
900000400 998
900000120 804
899999960 790
899999868 496
900000237 716
899999912 787
900000006 17
900000474 910
899999698 749
900000157 764
899999995 329
900000011 39
900000523 859
900000060 365
899999779 586
900000489 830
900000152 450
900000713 883
899999978 542
900000472 654
899999133 987
900000032 899
900000443 687
900000531 739
900000535 781
900000012 73
900000115 289
899999928 494
900000080 101
900000239 960
900000030 275
900000848 998
899999826 665
899999767 373
899999996 148
900000227 863
900000089 648
900000002 54
899999989 246
900000131 598
899999947 198
899999910 571
899999943 192
900000003 7
900000251 813
900000019 59
899999985 39
900000021 431
899999912 252
899999905 297
899999953 422
900000026 32
900000046 273
899999886 835
900000573 577
900000026 62
899999573 585
899999583 624
900000019 208
900000016 25
900000072 473
900000522 664
900000138 870
900000049 330
900000210 443
900000109 519
900000018 58
900000026 649
900000548 732
900000007 11
900000019 119
899999866 292
900000066 162
900000078 100
899999730 887
900000402 920
900000013 514
899999926 628
900000110 814
28927 2
17870 2
24223 2
19362 2
9890 2
5684 2
20920 2
7344 2
11948 2
7615 2
10341 2
27647 2
29948 2
9050 2
11827 2
13817 2
10019 2
30179 2
12248 2
10381 2
16166 2
23519 2
31765 2
12417 2
11136 2
11116 2
27617 2
28938 2
14439 2
7798 2
13763 2
22938 2
7760 2
14126 2
4224 2
19961 2
22965 2
18616 2
26870 2
5271 2
12310 2
30756 2
12104 2
32545 2
1598 2
18848 2
32571 2
338 2
27591 2
3564 2
10208 2
10764 2
32736 2
17422 2
22132 2
12967 2
4942 2
17222 2
26756 2
6281 2
11185 2
16708 2
10580 2
29942 2
19465 2
2201 2
32386 2
1834 2
9848 2
29548 2
18407 2
9381 2
6986 2
32366 2
30398 2
967 2
10546 2
2064 2
8200 2
5276 2
13014 2
4083 2
3631 2
23545 2
15758 2
2719 2
5609 2
1224 2
3433 2
7545 2
12895 2
7072 2
17010 2
22255 2
11407 2
10393 2
23345 2
14070 2
20974 2
7006 2
16500 2
