1000
900000001 37
899999857 855
900000001 901
899999983 22
899999680 670
899999959 430
899999841 741
899999933 150
899999992 804
899999925 237
899999689 745
899999841 741
899999751 776
899999997 743
899999661 461
900000001 201
899999915 815
899999844 524
899999488 808
899999571 591
899999899 988
900000001 16
899999564 492
899999506 856
899999857 239
899999741 335
899999979 59
899999800 724
899999857 834
899999983 208
899999944 814
899999794 582
899999893 133
899999807 959
899999761 529
899999433 957
899999776 622
899999601 633
899999905 457
899999598 890
899999977 517
899999906 498
899999979 123
899999959 188
899999876 182
899999816 716
899999969 57
899999857 477
899999865 303
899999611 403
899999857 433
899999777 417
900000001 641
900000001 181
899999816 452
899999857 295
899999745 897
899999812 982
899999992 100
899999765 374
899999981 381
899999857 184
899999441 621
899999999 63
899999866 178
899999545 499
899999891 171
899999905 913
899999536 674
899999857 715
899999959 144
899999906 218
899999951 971
899999981 39
899999857 657
899999431 850
899999829 359
899999508 608
899999332 848
899999934 302
899999641 574
899999951 486
899999899 283
899999623 395
899999745 513
899999899 643
899999871 155
899999946 612
899999959 103
899999211 936
899999983 70
900000001 33
899999857 505
899999641 765
899999857 919
899999992 138
899999828 384
899999725 382
899999983 967
899999706 830
899999326 878
899999977 72
899999593 832
899999765 747
899999985 27
899999661 491
899999871 155
899999999 32
899999689 610
899999333 725
899999866 296
899999857 505
899999615 675
899999937 507
899999981 191
899999801 566
899999805 699
899999593 994
899999985 27
899999891 732
899999857 295
900000001 241
899999981 45
899999829 183
899999471 636
899999985 209
899999951 486
899999677 527
899999868 300
899999741 836
899999734 780
900000001 11
899999765 374
899999992 658
899999801 351
899999816 206
899999977 44
899999890 310
899999497 793
899999984 60
899999829 989
899999575 940
899999871 155
899999761 529
899999857 493
899999759 687
899999921 873
899999101 991
899999887 548
899999569 898
899999661 461
899999875 187
899999572 758
899999857 589
899999881 313
899999877 167
899999773 293
899999741 836
899999873 888
899999623 395
899999919 147
899999915 408
899999361 846
899999914 114
899999828 384
899999721 341
899999899 988
899999981 96
899999715 723
899999978 432
899999796 306
899999776 622
899999881 313
899999212 860
899999717 309
900000001 257
899999992 82
899999795 398
899999977 259
899999641 765
899999391 996
899999765 747
899999989 315
899999875 280
899999903 447
899999593 663
899999689 709
899999551 851
899999101 911
899999959 375
899999391 996
899999776 346
899999812 982
899999444 960
899999977 285
899999992 658
899999992 892
899999585 545
899999857 834
899999461 861
899999899 108
899999878 778
899999731 631
899999781 933
899999717 309
899999857 329
899999959 443
900000001 16
899999952 338
899999829 495
899999857 489
899999857 834
899999876 906
900000001 7
899999923 572
899999959 430
899999593 819
899999771 459
899999816 452
899999578 964
899999542 688
899999727 282
899999703 974
899999881 261
899999623 707
899999677 343
899999931 759
899999718 360
899999785 637
899999920 770
899999761 441
899999487 558
899999280 740
899999920 92
899999272 928
899999391 734
899999983 967
899999937 254
899999976 36
899999857 739
899999409 995
899999611 816
899999313 917
899999530 508
899999969 225
899999841 371
900000000 20
899999593 994
899999891 506
899999773 293
899999596 802
899999764 924
899999343 738
899999777 417
899999917 949
899999977 130
899999787 722
900000001 385
899999425 649
899999441 621
899999689 610
899999905 913
899999587 487
899999689 349
899999611 671
899999931 759
899999959 67
899999921 291
899999548 700
899999969 113
899999400 864
899999689 809
899999575 627
899999633 689
899999905 115
899999822 788
899999587 487
899999745 938
899999847 899
899999491 611
899999385 644
899999795 795
899999689 405
899999977 347
899999863 268
899999689 708
899999829 183
899999965 55
899999753 438
899999751 404
899999993 48
899999486 542
900000001 226
899999997 107
899999581 619
899999937 507
899999854 292
899999926 826
899999661 461
899999875 559
899999977 173
899999997 284
899999425 835
899999977 214
899999557 810
899999941 421
899999695 363
899999989 38
899999689 652
899999443 712
899999623 592
899999888 522
899999753 875
899999897 587
899999734 780
899999857 698
899999993 69
899999785 319
900000001 226
899999841 741
899999563 932
899999863 535
899999623 592
899999992 412
899999785 319
899999955 50
899999737 779
899999794 250
899999444 992
899999425 649
899999593 410
899999861 692
899999589 803
899999169 879
899999857 154
899999981 381
899999977 130
899999865 303
899999857 657
899999689 473
899999599 935
899999261 756
899999633 603
899999711 416
900000001 13
899999863 268
899999741 669
899999596 980
899999888 522
899999557 810
899999131 931
899999745 513
899999575 627
899999829 728
899999785 637
899999725 382
899999731 316
899999937 177
900000001 41
899999857 733
899999677 343
899999801 905
899999359 922
899999801 701
899999211 936
899999349 915
899999857 817
899999346 684
899999425 835
899999805 947
899999753 875
899999866 178
899999983 139
899999563 540
899999977 569
899999283 755
899999563 540
899999261 756
900000000 20
899999857 217
899999131 931
899999989 149
899999776 784
899999857 295
899999870 278
899999676 920
899999939 83
899999563 628
899999959 562
899999611 490
899999633 603
899999695 727
899999616 744
899999764 924
899999981 557
899999641 956
899999741 836
899999449 970
900000001 626
899999845 277
899999829 359
899999997 284
899999745 939
899999908 754
899999785 319
899999891 266
899999976 426
899999914 114
899999921 117
899999755 290
899999983 162
899999441 621
899999832 192
900000001 33
899999635 895
899999937 125
899999881 313
899999857 367
899999757 539
899999551 851
899999857 493
899999875 559
899999531 966
899999241 941
899999241 941
899999619 519
899999794 250
899999976 354
899999361 690
899999461 861
899999937 507
899999755 579
899999989 629
899999656 556
899999857 154
899999952 338
899999859 954
899999471 536
899999891 902
899999891 171
899999365 903
899999758 424
899999941 141
899999773 439
899999905 115
900000001 226
899999721 341
899999933 150
899999767 334
899999465 638
899999657 503
899999444 948
899999933 299
899999542 688
899999685 429
899999695 364
899999937 683
899999773 318
899999413 984
899999582 482
899999865 605
899999796 306
899999361 849
899999101 963
899999908 252
899999409 995
899999893 199
899999976 86
899999727 282
899999983 24
899999881 196
899999759 554
899999977 569
899999689 697
899999931 380
899999985 105
899999959 103
899999891 231
899999899 659
900000001 626
899999891 116
899999791 623
900000001 13
899999552 672
899999937 93
899999349 915
899999992 82
899999359 922
899999757 389
899999633 603
900000001 129
899999980 124
899999491 611
899999908 754
900000001 11
899999801 905
900000001 501
899999937 485
899999703 974
899999401 845
899999979 123
899999601 633
899999563 628
899999291 828
899999925 119
899999781 467
899999619 519
899999985 578
899999807 480
899999921 117
899999983 24
899999850 420
899999594 434
899999695 364
899999899 322
899999992 138
899999992 74
899999829 183
900000001 481
899999772 324
899999425 649
899999510 972
900000001 91
899999941 85
899999857 329
899999333 725
899999689 473
899999993 825
899999891 990
899999981 56
899999857 757
899999593 663
899999656 556
899999611 671
899999476 656
899999496 840
899999465 729
899999876 906
899999915 408
899999829 183
899999596 660
899999431 850
899999999 63
899999977 173
899999992 74
899999641 383
899999745 897
899999915 815
899999400 864
899999444 992
899999646 648
899999761 881
899999978 564
899999401 845
899999596 496
899999893 199
899999565 962
899999857 307
899999759 687
899999950 88
900000001 9
899999962 58
899999857 205
899999965 109
899999794 748
899999575 679
899999689 697
899999983 208
899999850 420
899999515 842
899999878 778
899999685 429
899999952 812
899999981 140
899999673 543
899999993 800
899999983 323
899999857 358
899999658 590
899999765 374
899999773 512
900000001 91
899999569 898
899999959 188
899999997 567
899999563 454
899999361 849
899999937 327
899999101 976
899999785 319
899999745 897
899999899 330
899999361 677
899999993 825
899999959 188
899999461 775
899999980 124
899999569 599
900000001 801
899999891 990
899999941 211
899999903 752
899999997 743
899999431 691
899999829 359
899999686 586
899999829 359
899999593 832
900000001 641
899999891 116
899999921 291
899999868 170
899999689 813
900000001 451
899999674 348
899999263 774
899999563 932
900000001 19
899999997 372
899999689 355
899999359 922
899999582 482
899999952 812
899999531 966
899999857 295
899999745 513
899999641 956
899999773 952
899999542 688
899999926 276
899999807 480
899999891 531
899999795 795
899999776 262
899999857 295
899999812 202
900000001 145
899999695 363
899999857 698
899999917 238
899999937 497
899999893 133
899999461 775
899999554 588
899999751 326
899999997 284
899999923 572
899999791 286
899999926 276
900000001 241
899999899 659
899999917 194
899999773 439
899999806 256
899999865 605
899999506 856
899999761 661
899999237 923
899999101 976
900000001 289
899999443 712
899999847 450
899999985 209
899999241 941
899999816 206
899999559 483
899999993 137
900000001 385
899999757 270
899999773 877
899999829 717
899999601 761
900000001 26
899999838 870
899999988 200
899999563 540
899999633 689
899999976 36
899999875 280
899999101 973
900000001 46
899999897 642
899999829 359
899999881 781
899999857 919
899999291 828
899999755 579
899999911 136
899999976 86
900000001 11
899999659 594
899999556 456
899999891 216
899999633 603
899999101 926
899999217 945
899999952 812
899999506 514
899999888 522
18388 25808
10076 21563
3918 6415
1316 2941
2174 4287
17273 32485
18661 31804
2536 7880
17647 29857
1576 9276
1956 3038
1485 16846
1179 8970
13011 19576
26440 31482
21210 28877
1452 13074
15364 18551
1646 10843
1880 25571
10805 30422
4209 7227
22319 26384
1653 16789
4039 16887
20053 31082
5512 14572
5101 24905
1740 16409
2142 18892
10761 16645
7067 7628
6733 23397
345 18897
10106 10294
3015 14284
2071 13064
2733 13065
6901 7581
1252 18527
3640 8626
21016 30378
1904 25885
10986 17275
3460 21528
738 2061
10411 30173
1483 2683
27063 28531
6060 14129
5297 10439
2681 3744
7166 18430
3805 6967
1935 30474
577 910
531 10107
134 3300
7151 18584
6384 8651
5023 9135
6028 12578
5293 21161
1091 31044
976 1249
348 4991
1262 1591
14570 21448
12500 15456
19566 20652
1079 3712
6927 10122
12959 27386
11994 20736
20283 24454
1251 6563
7995 30597
827 4851
776 21650
1594 4238
12742 13658
757 1443
2859 24237
6790 22186
1761 6869
13998 29522
6500 17190
7422 19643
781 2006
24170 31718
26104 27151
9852 11370
5533 7235
6739 8040
4408 15552
21764 23232
2703 7812
13637 22661
467 5202
2972 19119
899999989 247
899999930 228
900000275 401
899999862 610
899999841 622
899999880 316
900000183 792
899999864 295
899999748 282
900000502 807
899999930 194
899999989 24
900000016 145
900000204 564
899999778 827
900000099 275
900000477 699
900000129 288
899999708 710
899999715 821
899999920 591
900000013 615
900000063 942
899999799 282
900000312 971
900000121 304
899999954 292
900000138 619
900000205 630
899999979 36
900000270 697
899999700 407
899999673 885
900000147 814
899999997 390
900000026 31
900000036 256
900000508 977
900000251 606
900000068 832
899999905 894
900000172 465
900000010 254
899999985 23
900000269 803
900000673 870
899999993 826
900000066 191
899999768 808
899999925 265
900000004 950
899999795 435
900000491 812
899999782 439
899999612 511
900000064 745
899999881 982
899999104 946
899999933 227
900000005 6
900000218 375
900000230 723
900000364 497
899999746 917
899999950 167
900000015 159
899999501 849
899999891 217
899999986 488
899999945 768
900000593 993
900000108 137
900000046 363
899999914 473
899999826 474
899999611 492
900000026 415
899999860 311
900000301 601
899999563 861
900000000 15
900000357 421
900000274 485
900000146 543
900000359 698
900000688 800
900000321 667
899999797 938
900000152 688
899999882 169
900000020 31
900000173 393
900000275 520
900000015 588
900000305 639
900000197 783
899999724 435
900000326 377
900000021 197
899999950 66
29494 2
10076 2
6762 2
27565 2
11730 2
26121 2
8222 2
28070 2
26086 2
7689 2
2219 2
28308 2
28317 2
12200 2
26048 2
25019 2
13620 2
15873 2
19870 2
17835 2
14859 2
5058 2
15561 2
20258 2
8188 2
17711 2
16387 2
15150 2
17899 2
13162 2
31354 2
3218 2
7838 2
21745 2
23617 2
14443 2
15055 2
26472 2
7421 2
1555 2
14720 2
28313 2
20193 2
9798 2
4751 2
9401 2
7644 2
17795 2
28554 2
16364 2
3856 2
7605 2
1732 2
12556 2
21639 2
19219 2
11433 2
16294 2
2337 2
26693 2
3918 2
10054 2
26833 2
13768 2
20557 2
6645 2
22793 2
20627 2
28879 2
19455 2
21875 2
15355 2
17386 2
27898 2
5346 2
17108 2
23342 2
12803 2
31368 2
29657 2
8570 2
21835 2
10089 2
15694 2
6164 2
11987 2
16399 2
27619 2
27129 2
19059 2
14976 2
4316 2
18802 2
7969 2
18541 2
4975 2
19432 2
19312 2
12716 2
29037 2
14329 2
