1000
899999977 44
899999959 562
899999161 867
899999611 411
899999721 341
899999596 466
899999921 146
899999997 284
900000001 61
899999585 749
899999745 449
899999569 829
899999717 309
899999983 70
900000001 101
899999981 279
899999333 725
899999973 615
899999857 477
900000001 901
900000001 33
899999816 206
899999765 747
899999905 913
899999741 669
899999754 662
899999101 926
899999775 908
899999212 860
900000001 226
899999291 828
899999920 274
899999857 217
899999857 834
899999840 228
899999992 304
899999841 741
899999857 217
899999601 633
899999596 980
899999857 855
899999590 598
899999767 334
899999992 298
899999989 112
899999661 645
899999101 926
900000001 251
899999689 900
899999563 799
899999937 507
899999545 889
899999485 655
899999993 95
899999891 732
899999359 719
899999891 506
899999937 125
899999272 928
900000001 161
899999997 743
899999920 770
899999807 959
899999695 544
899999820 198
899999983 323
899999689 349
899999487 843
899999999 63
899999771 459
899999979 62
899999959 443
899999933 597
899999857 883
899999939 83
899999593 663
899999937 93
900000001 241
899999689 708
899999926 166
899999959 664
899999596 466
899999997 29
899999801 281
899999361 786
899999933 150
899999864 488
899999911 240
899999979 128
899999969 113
899999689 709
899999908 168
899999738 918
899999776 262
899999734 780
899999864 488
900000001 601
900000000 230
899999741 669
899999594 434
899999993 800
899999925 237
899999914 340
899999812 982
899999881 391
899999767 667
899999329 713
900000001 577
899999776 346
899999101 946
899999689 709
899999993 104
899999937 653
899999948 78
899999805 518
899999551 511
899999906 156
899999517 885
899999721 341
899999461 861
899999857 245
899999838 870
899999794 250
899999695 364
899999563 628
900000001 181
899999333 725
899999976 176
899999738 918
899999899 283
899999993 377
899999585 545
899999941 421
899999989 38
899999581 549
899999727 563
899999985 53
899999937 705
899999908 502
899999937 254
899999776 262
899999596 466
900000001 33
899999661 461
899999857 883
899999433 957
900000001 46
899999481 585
899999980 124
899999457 929
899999497 793
900000001 626
899999881 781
899999545 499
899999409 617
899999937 249
899999906 246
899999899 283
900000001 901
899999911 163
899999976 858
899999611 403
899999481 585
899999891 216
899999386 682
899999980 124
899999369 777
899999868 300
899999914 114
899999596 446
899999921 146
899999700 978
899999979 30
899999745 939
899999384 620
899999959 287
899999857 253
899999897 294
899999131 931
899999981 77
899999332 848
899999876 182
899999677 685
899999737 390
899999753 875
899999857 460
899999465 638
899999151 891
899999241 941
899999829 267
899999617 753
899999881 824
899999721 341
899999841 371
899999812 328
900000001 385
899999917 475
899999988 200
899999920 118
899999229 789
899999848 818
899999547 863
899999272 928
899999985 105
899999868 300
900000001 126
899999941 421
899999914 114
899999857 205
899999497 793
899999572 758
899999905 457
899999361 786
899999865 152
899999794 694
899999857 493
899999329 713
899999989 75
899999857 393
899999659 594
899999563 680
899999263 774
900000001 65
899999841 186
899999877 333
899999751 326
899999504 560
899999695 727
899999689 652
899999689 414
899999391 996
899999816 452
899999801 792
899999601 791
899999801 227
899999829 717
899999888 522
899999857 217
899999992 220
899999507 624
899999635 895
899999977 693
899999506 856
899999776 436
899999689 355
899999806 458
899999946 336
899999272 928
899999257 857
899999881 521
899999977 214
899999959 562
899999335 894
899999715 723
899999755 290
899999850 420
899999997 15
899999781 933
899999983 162
899999453 650
899999695 364
899999861 692
899999759 687
899999581 686
899999689 708
899999764 924
899999877 167
899999992 804
899999263 774
899999977 853
899999488 808
899999871 155
899999857 698
899999823 423
899999425 649
899999384 620
899999633 603
899999899 330
899999893 133
900000001 7
899999941 421
899999863 175
899999829 359
899999481 731
899999385 644
899999751 807
899999969 57
899999983 24
899999881 781
899999759 554
899999457 929
899999881 131
899999903 224
899999959 67
899999698 462
899999660 378
899999611 616
899999911 479
899999983 967
899999261 756
899999641 765
900000001 451
899999453 650
899999857 855
899999327 695
899999335 768
899999857 148
899999993 189
899999981 210
899999745 939
899999981 279
899999937 353
899999465 729
899999857 433
899999496 840
899999845 277
899999925 119
899999593 663
899999596 496
899999805 639
899999989 75
899999416 736
899999941 421
899999551 711
899999890 310
899999506 514
899999992 102
899999978 564
899999899 283
899999976 36
899999689 435
899999534 528
899999101 1000
899999425 865
899999647 547
899999829 533
899999976 354
899999983 47
899999409 782
899999641 383
899999917 317
899999973 735
899999951 971
899999992 82
899999899 988
899999866 886
899999571 591
899999921 437
899999796 306
899999857 370
899999794 914
899999893 397
899999887 548
899999969 225
899999981 279
899999680 670
899999754 662
899999959 287
899999873 888
899999641 765
900000001 21
899999891 531
899999499 798
899999377 975
899999816 452
900000001 401
899999785 637
899999951 971
899999361 849
899999773 927
899999981 77
899999857 184
899999820 198
899999997 107
899999585 749
900000001 289
899999891 783
899999920 820
899999599 468
899999977 853
899999857 657
899999611 616
899999959 287
899999335 742
899999332 904
899999921 291
899999689 900
899999983 22
899999361 786
899999992 412
899999727 282
899999871 155
899999983 22
899999869 263
899999757 539
899999951 195
899999937 714
899999626 796
899999668 568
899999903 447
899999981 77
899999805 947
899999465 638
899999599 468
899999676 920
899999921 219
900000001 321
899999623 720
899999765 747
899999326 878
899999829 248
899999611 403
899999908 754
899999846 366
899999272 928
899999745 939
900000001 226
899999457 893
899999263 774
899999776 676
899999425 649
899999881 196
899999915 408
899999992 220
899999981 191
899999687 887
899999344 730
900000001 9
899999881 521
899999841 741
899999772 324
899999857 379
899999989 472
899999711 831
899999696 666
899999937 353
899999881 521
899999937 683
899999946 68
899999981 111
899999776 726
899999795 398
899999619 630
899999951 195
899999977 143
899999626 526
899999564 492
900000001 241
899999805 639
899999718 360
899999959 144
899999921 117
899999977 517
899999651 551
900000001 901
899999335 768
899999611 816
899999857 589
899999857 698
899999857 977
899999795 398
899999979 30
899999969 225
899999361 677
899999888 522
899999937 164
899999903 447
899999805 518
900000001 161
899999857 883
899999959 375
899999891 506
899999734 780
900000001 73
899999925 237
899999801 905
899999689 827
899999891 116
899999865 303
899999641 541
899999611 490
899999548 700
899999857 337
899999151 891
899999847 450
899999857 834
899999946 236
899999977 427
899999481 731
899999915 408
899999718 360
899999789 399
899999767 334
900000001 65
899999829 267
899999921 233
899999101 925
899999623 720
899999983 24
899999647 547
899999077 965
900000001 481
899999934 302
899999981 111
900000001 16
899999854 292
899999905 609
899999921 117
899999917 949
899999866 258
899999844 524
899999869 394
899999711 831
899999921 291
899999965 109
899999977 285
899999941 141
899999977 345
899999997 54
899999937 969
899999661 981
899999985 578
899999816 716
899999601 633
899999847 450
899999997 29
899999611 616
899999823 423
899999272 928
899999977 143
899999844 524
899999283 755
899999997 29
899999486 746
900000001 577
899999917 773
899999686 586
899999472 968
899999993 48
899999209 805
899999981 279
899999888 522
899999661 491
899999767 334
899999445 767
899999820 198
899999499 798
899999611 979
899999992 910
899999564 492
899999680 670
899999751 326
899999291 828
899999979 30
899999891 531
899999875 280
899999937 164
899999660 378
899999751 776
899999575 940
899999917 159
899999806 256
900000001 3
899999695 364
899999781 234
899999869 394
899999871 771
899999761 331
900000001 26
899999921 546
899999569 937
899999881 521
899999857 379
899999897 587
899999997 213
899999329 713
899999857 613
899999997 15
899999977 173
899999999 63
899999921 546
899999854 292
899999800 242
899999801 905
899999611 411
899999993 48
899999944 814
899999767 334
899999888 522
899999863 179
899999101 925
899999718 632
899999976 120
899999738 918
899999761 265
899999829 989
899999791 934
899999616 744
899999854 292
899999911 271
900000001 81
899999476 656
899999857 589
899999551 711
899999857 613
899999876 906
899999829 533
899999650 538
900000001 401
899999431 691
900000001 81
899999551 851
899999565 962
899999983 208
899999878 260
899999753 438
899999976 86
899999369 777
899999431 839
899999979 30
899999937 369
899999745 939
899999992 412
899999992 658
899999829 365
899999401 845
899999983 43
899999485 655
899999369 777
899999471 896
899999311 880
899999344 730
899999857 379
899999921 291
899999569 898
899999840 228
899999661 806
899999823 212
899999465 638
899999661 461
899999857 205
899999272 874
899999841 297
899999973 735
899999985 209
899999551 640
899999715 723
899999711 471
899999777 417
899999869 394
899999989 629
899999361 833
900000001 181
899999217 945
899999806 256
899999908 502
899999391 996
899999989 943
899999413 984
899999946 612
899999983 208
899999457 893
899999773 293
899999696 666
899999601 761
900000001 801
900000001 21
899999773 318
899999838 584
900000001 9
899999955 50
899999755 290
899999582 482
899999819 570
899999805 350
899999425 835
899999905 457
899999993 104
899999471 636
899999816 534
899999881 521
899999977 427
899999992 298
899999857 613
899999984 60
899999572 758
899999582 482
899999497 793
899999593 994
899999989 149
899999767 667
899999801 351
899999077 965
899999985 53
899999635 448
900000001 19
900000001 451
899999803 235
899999985 27
7848 22258
2548 21036
8742 17279
23809 32408
964 4001
23792 30659
3885 4803
1245 5757
10720 25421
18751 21672
10531 31587
8480 14225
71 5584
11289 13440
1335 22333
4080 17293
1433 6055
2664 5302
16988 24592
4348 6959
2649 28788
14486 25337
19701 25086
10480 25782
12567 14716
16345 19388
407 32273
3234 25192
9897 10281
5526 6324
30637 31922
16236 22796
9575 10378
5501 8030
5226 12339
377 1649
1605 1998
13986 16247
4309 26439
5361 10213
5928 11981
18588 29058
6676 28549
3363 4286
12220 27775
7505 25926
560 10217
16064 20693
11680 20610
9887 12365
6874 9042
7091 27398
994 5529
2584 3174
20886 23301
2714 7090
198 7207
5837 9763
13365 28968
3334 12093
12642 29880
19445 31580
156 840
14463 26768
23582 31353
9301 18858
2019 3284
9854 30615
3867 32187
2698 3309
99 22943
14130 32708
26870 32372
2983 3527
432 2146
3634 11915
10724 30398
10 31
2667 7480
1970 25060
9259 13654
5280 12702
595 9249
17311 24268
13450 18462
5192 18485
18651 25471
3007 6084
15172 30363
3290 4245
71 7836
450 848
11146 19575
15477 23734
22090 26658
34 633
3341 13313
17847 29265
513 1185
6099 22348
900000250 376
899999825 410
899999645 866
900000040 119
899999719 856
899999996 268
899999822 316
900000167 799
900000376 703
899999824 975
899999523 984
900000017 122
899999471 847
899999996 64
899999966 730
899999939 118
899999868 383
900000192 535
900000202 764
900000354 582
899999453 647
899999685 680
900000028 54
900000052 99
900000217 757
899999878 644
900000021 136
900000088 659
900000700 902
899999832 440
899999470 730
899999965 397
899999970 582
900000289 726
899999917 439
899999964 752
899999948 272
899999895 868
899999653 884
900000458 748
899999770 374
900000063 419
900000037 126
900000182 525
900000321 597
900000097 884
900000172 337
899999703 828
899999995 106
899999928 592
899999900 265
899999912 588
900000058 275
900000721 820
900000454 954
899999987 109
900000158 220
899999938 544
900000191 574
899999847 691
900000013 95
899999399 941
900000003 17
900000029 204
900000244 321
900000005 847
899999937 269
900000235 408
899999789 436
900000188 967
900000137 389
900000206 400
899999837 860
899999556 874
899999859 749
899999962 156
900000339 788
900000320 762
900000135 554
900000002 6
900000113 162
899999757 650
900000038 127
899999992 55
900000027 103
899999921 351
899999788 962
900000499 703
899999772 932
899999582 706
900000695 902
900000010 109
900000134 811
900000178 442
899999641 720
900000231 576
899999919 297
900000044 104
900000110 666
900000040 898
30627 2
27258 2
4608 2
11201 2
15410 2
1458 2
15592 2
3987 2
21595 2
7837 2
18743 2
29629 2
25056 2
18501 2
21723 2
14654 2
20821 2
20029 2
2345 2
32744 2
12245 2
904 2
15920 2
3171 2
2291 2
30902 2
26695 2
20342 2
24819 2
23888 2
1001 2
29314 2
7995 2
4214 2
29635 2
3407 2
32004 2
9415 2
1290 2
26891 2
19541 2
23425 2
3602 2
29840 2
11058 2
23273 2
23325 2
19942 2
30481 2
9198 2
23921 2
1289 2
5261 2
2825 2
20653 2
31724 2
24414 2
14439 2
19036 2
1981 2
22153 2
29514 2
26571 2
14187 2
22740 2
15533 2
3608 2
25446 2
1405 2
32039 2
28812 2
27302 2
5419 2
18961 2
20778 2
16622 2
16165 2
1515 2
12168 2
12882 2
32450 2
24572 2
23006 2
32759 2
19745 2
30521 2
5213 2
14874 2
8985 2
9320 2
19138 2
31571 2
22387 2
12165 2
42 2
26907 2
11607 2
29797 2
28968 2
7565 2
9989 2
