1000
899999983 47
899999924 332
899999781 933
899999542 688
899999515 842
900000001 401
899999761 265
899999801 351
899999920 770
899999857 589
900000001 301
899999921 873
899999992 658
899999646 648
899999657 503
899999689 652
899999725 763
899999948 78
899999791 312
899999805 639
899999745 470
899999829 717
899999167 958
899999921 110
899999599 468
899999997 743
899999981 279
899999842 418
900000001 41
899999857 817
899999425 835
899999801 453
899999976 176
899999865 605
899999944 160
899999689 809
900000001 801
899999764 924
899999959 222
900000001 193
900000001 25
899999617 565
899999608 440
900000001 769
899999937 993
899999677 527
899999857 862
899999589 803
899999891 783
899999921 581
899999698 462
899999983 127
899999857 247
899999828 384
899999689 373
899999131 931
899999457 893
899999327 695
899999866 178
899999711 471
899999572 758
899999461 646
899999997 213
899999791 286
899999507 624
899999993 69
899999981 23
899999333 725
899999201 921
899999761 331
899999633 603
899999989 223
899999926 826
899999873 888
899999823 212
899999941 71
900000001 376
899999101 973
899999959 222
899999506 514
900000001 626
899999979 123
899999773 318
899999787 722
899999891 506
899999848 818
899999863 654
899999569 469
899999962 58
899999920 118
899999914 114
899999990 402
899999486 542
900000001 11
899999979 128
900000001 81
899999983 127
899999917 238
900000000 20
899999905 153
899999857 428
899999857 154
899999725 509
899999993 18
899999857 489
899999317 838
899999444 992
899999581 516
899999841 297
899999487 558
899999349 915
899999413 984
900000001 226
899999201 944
899999721 681
899999801 566
900000001 51
899999545 665
899999992 82
899999841 593
899999359 719
899999905 602
899999841 186
899999563 454
899999641 541
899999696 666
899999401 845
899999794 582
899999921 146
899999359 922
899999920 92
899999881 313
899999534 528
899999959 144
899999481 731
899999937 243
899999656 556
899999593 819
899999866 772
899999801 351
899999471 896
899999829 728
899999449 970
899999549 510
899999676 912
899999841 593
899999626 796
899999933 299
899999602 494
899999946 612
899999857 460
899999940 264
899999981 210
899999745 537
899999911 271
899999946 872
899999969 57
899999554 588
899999749 325
899999773 464
899999761 881
899999946 68
899999857 953
899999829 267
899999983 415
899999891 431
899999283 755
899999785 319
899999751 807
899999857 370
899999989 149
899999476 656
899999711 471
899999807 480
899999461 775
899999773 635
899999908 422
899999800 242
899999841 186
899999481 731
899999855 275
899999921 233
899999857 953
899999761 529
900000001 91
899999857 442
899999977 520
899999959 79
900000001 41
899999795 795
900000001 49
899999857 148
899999211 936
899999857 575
899999891 266
899999794 748
899999641 765
899999985 27
899999866 258
899999908 754
899999571 591
899999983 323
899999937 993
899999857 190
899999989 629
899999515 523
899999593 410
899999911 163
899999759 554
899999959 859
899999857 477
899999803 352
899999899 643
899999551 640
899999908 754
899999832 192
899999944 160
899999933 299
899999857 862
899999993 825
899999993 95
899999977 520
900000001 193
899999857 148
899999661 645
899999857 817
899999444 960
899999689 827
899999981 77
899999805 320
899999241 941
899999582 482
899999805 320
899999897 642
899999433 957
899999689 708
899999868 300
899999905 115
899999881 313
899999933 150
899999776 346
900000001 49
899999830 244
899999915 815
899999793 504
899999908 168
899999959 79
899999911 811
899999847 450
899999997 54
899999657 503
899999931 380
899999510 972
899999673 543
900000001 126
899999617 565
899999830 244
900000001 126
899999491 916
899999992 82
899999581 823
899999921 581
899999841 371
899999448 854
899999899 643
900000001 91
899999962 134
899999700 978
899999829 728
899999903 224
899999734 780
899999613 909
899999962 400
899999341 871
899999395 999
899999801 453
899999985 578
899999869 525
899999877 167
899999989 38
899999857 393
899999101 946
899999850 420
899999530 508
899999349 915
899999361 690
899999981 77
899999764 924
900000001 37
900000001 129
899999869 787
899999764 924
899999981 140
899999563 463
899999781 467
899999611 979
899999737 779
899999989 223
899999981 221
899999773 439
899999921 146
899999816 534
899999899 142
899999361 677
899999959 222
899999829 359
899999563 540
899999933 597
899999791 571
899999471 636
899999937 122
899999905 602
899999611 490
899999983 22
899999689 869
899999989 149
899999101 976
899999946 336
899999921 465
899999891 171
899999979 62
899999850 420
899999425 835
899999687 444
899999209 805
899999569 829
899999446 844
900000001 721
899999446 844
899999999 63
899999829 365
899999997 29
899999897 600
899999857 442
899999997 743
899999905 609
899999647 882
899999361 833
899999776 262
899999941 421
899999937 507
899999751 807
899999911 240
899999711 831
899999101 976
899999878 778
899999985 53
899999765 747
899999893 199
899999959 67
899999801 905
899999699 339
899999785 425
899999545 889
899999569 599
899999795 398
899999903 752
899999758 424
899999881 313
899999893 199
899999829 359
899999977 427
899999785 319
899999868 530
899999801 792
899999504 560
899999101 963
899999611 616
899999506 856
900000001 751
899999759 344
899999757 270
899999504 560
899999873 888
899999317 838
899999983 139
899999201 821
900000000 20
899999921 110
899999952 90
899999211 936
899999361 849
899999650 538
899999581 549
899999401 634
899999487 558
899999869 394
899999651 551
899999921 233
899999689 373
899999650 538
899999335 950
899999937 243
899999641 765
899999914 114
899999471 896
899999917 238
899999626 876
899999563 540
899999866 532
899999937 353
899999689 697
899999332 904
899999881 824
899999787 722
899999946 612
899999689 435
899999431 691
899999727 563
899999977 174
899999921 291
900000001 626
899999689 869
899999425 865
899999461 861
899999689 349
899999891 266
899999641 574
899999377 975
900000001 6
899999661 645
899999998 14
899999443 712
899999575 940
899999915 815
899999881 157
899999759 554
899999903 752
899999911 271
899999761 265
899999481 731
899999981 279
899999857 477
899999871 386
899999914 340
899999959 443
899999785 637
900000001 257
899999946 66
899999755 579
899999983 139
899999599 468
899999433 957
899999109 987
899999881 157
899999361 677
899999668 568
899999755 868
899999773 293
899999981 221
899999921 546
900000001 201
899999983 43
899999789 399
899999593 555
899999848 388
899999868 300
899999973 308
899999981 56
899999776 726
899999941 211
899999510 972
899999409 995
899999816 534
900000001 241
899999593 663
899999109 987
899999751 651
899999569 599
899999689 813
899999773 464
899999611 816
899999871 386
899999931 759
899999829 248
899999796 306
899999917 773
899999981 557
899999980 42
899999906 498
899999993 95
899999857 239
899999349 915
899999481 585
900000001 129
899999857 460
899999611 979
899999869 263
899999951 486
899999857 393
899999917 475
899999384 620
899999794 694
899999865 303
899999857 977
899999471 896
899999981 56
899999552 672
899999101 963
900000001 481
899999965 55
899999109 987
900000001 721
899999767 667
899999311 880
899999857 370
899999937 737
899999517 884
899999619 519
899999812 328
899999257 857
899999311 880
899999101 946
899999981 837
899999908 502
899999461 775
899999658 590
899999549 510
899999283 755
899999575 627
899999794 232
899999311 880
899999101 946
899999857 409
899999551 511
899999976 596
899999959 188
899999687 887
899999617 565
899999677 685
899999829 989
899999865 303
899999933 597
899999801 701
899999441 621
899999905 822
899999951 98
899999563 583
899999847 450
899999548 700
900000001 6
899999857 358
899999776 622
899999983 415
899999999 32
899999959 188
899999877 333
899999905 229
899999563 932
899999841 741
899999876 182
900000000 132
899999444 960
899999857 205
899999887 548
899999416 736
899999940 264
899999905 913
899999899 322
899999335 950
899999425 649
899999569 937
899999847 899
899999993 825
899999601 476
900000001 251
899999717 309
899999984 60
899999992 910
899999596 980
899999857 184
899999946 68
899999754 662
899999840 228
899999101 963
899999617 753
899999968 94
899999764 924
899999981 381
899999801 905
899999611 979
899999776 726
899999676 912
899999721 681
899999908 168
899999101 926
899999619 630
899999617 753
899999773 877
899999626 526
899999745 939
899999997 284
899999261 756
899999578 964
899999589 803
899999590 598
899999857 757
899999812 982
899999581 619
899999992 910
899999590 598
899999855 275
900000001 13
899999209 805
900000001 241
899999668 568
899999745 537
899999751 807
899999737 779
899999881 313
899999984 60
899999926 276
899999981 39
899999976 86
899999933 299
900000001 769
899999616 744
899999841 741
899999881 157
899999891 783
899999623 592
899999481 585
899999491 794
899999857 505
900000001 401
899999659 594
899999981 419
899999977 173
899999983 323
899999937 125
899999794 914
899999761 331
899999680 670
899999905 305
899999776 784
899999857 739
899999983 139
899999997 54
900000001 25
900000001 73
900000001 641
899999486 746
899999981 557
899999717 309
899999801 566
899999848 818
899999891 216
899999611 979
899999863 654
899999785 637
899999891 531
899999937 653
899999879 135
899999854 292
899999937 497
899999749 325
899999857 165
899999563 454
899999801 905
899999608 440
899999341 871
899999409 782
899999313 917
899999327 695
899999476 706
899999981 45
899999698 462
899999548 700
899999280 740
899999673 573
899999893 133
899999471 636
899999575 627
899999981 419
899999997 8
899999073 983
899999914 340
899999465 638
899999481 731
899999944 814
899999878 260
899999973 735
899999781 933
899999327 695
899999983 47
899999545 889
899999361 849
900000001 41
899999846 366
899999401 634
899999857 370
899999789 797
899999785 425
899999845 277
899999985 209
899999992 138
899999730 852
899999695 595
899999989 112
2578 20484
2007 4389
4741 6327
818 30758
7439 20243
27052 29746
6213 7686
18619 21079
438 23204
1680 11486
28166 29478
8507 29298
2811 20275
14200 26756
311 1375
5068 11501
2101 2546
28113 31445
4158 15082
7932 14036
14955 27971
1577 1624
2007 24437
22884 30279
8388 13631
14491 29925
13493 24739
788 8951
508 7218
2938 16425
15870 23177
11771 13997
15683 20252
209 2597
16146 29746
1898 11715
11933 12849
13 1454
1012 3100
1361 6056
14831 30042
5361 12015
1898 13497
15935 30560
215 30898
8829 21474
96 239
22014 29698
29 266
21121 27867
4838 8344
21938 22841
6199 15462
12027 17662
10650 19714
8094 26564
4560 5757
257 29379
88 1392
9544 30197
16451 23869
1458 8313
3368 7063
5628 24630
4161 13637
8788 9408
1450 4130
7496 18815
15934 24169
7644 27406
15782 16175
1440 11233
1058 18481
8322 11307
2125 23760
62 14590
12088 30298
17448 30388
8780 16779
432 2703
689 13652
1225 1948
78 1754
1094 8925
2911 7874
12130 29350
16133 29612
10620 15688
15354 28157
1924 6893
3114 14562
14897 28355
766 9362
11807 31581
6771 32211
3725 5718
3659 32447
3770 16183
9245 15560
87 7578
899999932 358
899999947 916
900000477 600
899999784 373
900000018 58
899999948 244
900000328 993
900000331 968
900000000 913
900000023 62
900000264 381
899999995 88
900000073 201
900000056 812
900000020 99
900000032 538
900000175 308
900000210 741
900000037 209
899999944 379
900000007 259
900000103 296
900000068 191
900000016 424
900000007 67
900000003 232
900000262 639
899999945 263
899999843 623
899999553 725
900000226 663
900000265 475
900000297 430
899999902 682
900000179 464
899999887 198
900000185 862
900000117 397
899999792 607
899999878 206
899999892 614
899999832 728
900000215 478
900000508 859
900000378 661
899999909 808
899999995 92
900000452 564
900000052 254
899999375 756
900000014 422
900000407 748
899999646 921
899999870 428
900000059 260
900000081 872
899999922 339
900000304 842
900000400 747
900000015 451
900000195 869
899999831 468
900000160 775
900000421 763
900000265 481
900000041 359
899999583 893
900000215 586
900000244 493
900000070 485
900000038 86
899999921 116
900000004 28
900000041 76
900000191 387
899999820 903
899999992 142
899999890 488
900000295 531
899999757 660
899999930 153
899999798 599
899999331 946
900000468 726
899999776 471
899999590 542
900000005 112
900000129 751
900000600 971
899999668 975
899999560 922
899999767 383
900000268 873
899999970 868
899999876 428
899999940 306
899999434 644
899999917 133
899999926 235
899999946 316
31194 2
19464 2
19915 2
19403 2
17250 2
21895 2
2894 2
24713 2
2966 2
7911 2
10620 2
30289 2
23426 2
21651 2
3176 2
25855 2
24422 2
5723 2
9967 2
7430 2
10937 2
15210 2
32484 2
11012 2
32111 2
4729 2
15466 2
6554 2
28280 2
29251 2
18592 2
9594 2
8073 2
11833 2
16260 2
30657 2
24094 2
17270 2
14609 2
23176 2
21952 2
20981 2
11691 2
7093 2
14211 2
13826 2
31165 2
4631 2
31444 2
21998 2
17569 2
30899 2
7025 2
30727 2
20160 2
5208 2
30905 2
13511 2
27386 2
22394 2
14886 2
22860 2
10056 2
30781 2
23832 2
19976 2
26783 2
11471 2
20436 2
21946 2
32280 2
507 2
15820 2
14493 2
28495 2
32763 2
28961 2
12255 2
2568 2
4494 2
28006 2
9556 2
29465 2
24907 2
10151 2
7020 2
16004 2
8501 2
32681 2
20835 2
21219 2
28815 2
24180 2
30647 2
7177 2
21490 2
7695 2
2271 2
20710 2
29596 2
7819 2
