100
10 84 69 45 87 33 20 85 89 38 69 46 60 92 61 24 92 17 75 48 55 43 24 63 88 26 27 100 1 55 73 34 65 74 7 11 21 31 98 10 12 96 100 62 12 19 47 98 71 17 31 47 86 18 7 73 21 99 89 95 68 52 62 30 48 35 23 23 60 96 65 30 81 83 23 9 11 7 58 58 31 56 73 30 58 79 98 22 84 45 26 34 93 61 68 68 54 98 13 77 
63 76 68 38 79 38 77 98 60 28 78 47 33 5 9 63 86 76 43 63 39 58 72 78 24 3 92 3 43 7 61 18 66 87 86 50 86 16 88 39 48 82 59 34 35 20 31 26 62 55 23 8 16 52 77 90 86 63 72 83 3 62 3 26 17 73 2 5 7 87 34 20 70 37 24 11 52 69 18 68 23 30 26 24 2 58 51 15 14 24 12 78 51 39 30 88 45 50 73 32 
13 38 16 3 34 93 98 57 1 40 40 84 52 47 39 36 78 16 16 32 88 69 94 45 62 66 19 1 85 62 55 19 64 5 86 53 28 82 9 44 21 69 47 71 9 16 56 27 55 22 85 30 68 12 96 39 9 19 99 100 54 17 40 77 20 3 48 17 49 68 57 5 80 4 80 5 99 80 3 70 5 83 57 73 59 68 67 66 90 22 51 30 78 96 60 6 34 70 29 40 
40 15 9 92 10 82 63 29 37 82 13 96 97 93 18 28 9 16 95 58 4 20 46 75 31 69 46 35 85 18 39 17 90 20 71 16 36 81 43 36 87 64 54 26 89 24 70 76 76 2 36 40 68 31 7 26 97 13 36 80 18 13 76 42 61 41 81 78 13 34 53 17 86 33 61 71 39 30 74 32 66 69 82 92 4 64 73 84 2 33 68 80 36 100 93 87 67 8 88 38 
21 54 78 77 52 93 80 68 67 16 6 89 62 93 28 49 55 72 41 84 88 35 51 32 3 11 26 33 96 11 36 11 37 3 56 92 48 16 17 77 16 38 98 46 25 50 76 76 97 25 27 10 7 25 32 27 47 54 66 64 46 44 9 5 32 59 44 45 47 6 89 13 62 96 33 76 93 17 24 88 99 9 99 48 53 70 25 74 89 94 23 7 31 30 62 49 6 48 21 60 
3 100 44 17 73 11 49 26 52 28 81 98 88 59 8 60 100 5 16 13 12 69 63 63 6 56 84 67 88 80 85 38 43 64 70 56 14 81 100 17 62 60 86 69 92 90 100 14 4 100 26 35 60 73 99 7 72 80 3 2 97 14 54 15 75 67 91 83 8 56 67 77 98 49 53 62 63 36 65 19 91 22 47 57 74 12 71 20 76 21 47 59 85 54 97 38 56 10 30 45 
43 34 77 9 44 100 60 57 82 80 20 27 7 3 7 22 53 44 35 57 74 99 16 61 64 92 6 28 13 87 52 47 100 65 80 22 64 47 60 25 92 82 96 25 35 39 70 26 93 39 98 51 3 34 14 61 7 31 25 13 90 68 57 49 90 8 46 67 31 92 41 94 30 58 15 13 76 62 3 63 19 87 58 38 41 42 44 34 17 93 49 92 40 11 13 34 49 78 65 33 
100 69 59 22 95 68 84 97 72 68 43 43 13 55 97 61 14 39 83 77 55 82 95 9 98 14 92 78 9 1 11 19 99 44 42 14 15 56 62 86 78 85 30 70 58 63 84 73 94 9 11 14 80 80 68 13 4 3 69 15 99 20 13 30 4 48 53 41 10 50 94 71 59 41 44 41 59 11 6 65 60 32 8 56 44 56 54 60 15 40 89 66 74 63 86 14 72 44 25 93 
65 22 48 42 93 61 61 72 22 83 9 38 72 21 26 8 27 58 65 49 30 84 68 14 51 34 100 22 99 30 62 54 23 32 75 67 3 35 100 38 10 79 83 31 66 22 52 97 6 54 63 17 61 91 90 61 41 93 41 15 27 69 36 29 25 21 49 23 21 24 79 75 48 79 46 93 95 81 11 76 84 25 62 7 96 53 43 3 84 76 86 28 46 85 91 82 37 7 60 58 
60 49 88 5 22 79 64 44 82 72 99 52 57 65 31 76 4 90 50 93 80 8 27 70 55 6 38 100 57 32 21 59 75 32 20 9 51 27 25 15 67 73 12 58 22 56 94 79 96 26 73 7 94 23 80 88 99 24 26 28 9 46 64 27 70 95 2 26 8 15 71 6 35 58 18 86 66 88 23 53 65 81 42 12 49 74 44 7 32 31 43 69 7 87 73 29 22 57 68 86 
67 24 28 62 13 69 84 15 69 43 82 6 10 7 58 65 98 30 41 90 57 16 41 48 37 37 19 78 90 37 52 5 27 76 78 67 73 77 55 17 12 76 82 17 79 88 88 81 19 41 77 42 51 33 80 48 71 66 60 93 42 85 59 96 48 81 51 13 100 53 72 54 98 30 61 11 96 45 10 33 90 40 13 7 72 39 87 78 79 21 74 99 26 20 65 27 55 29 4 62 
56 3 12 11 63 63 37 15 98 56 30 16 47 76 92 4 19 87 28 2 59 34 58 96 35 90 14 53 63 62 40 25 52 30 30 67 100 46 51 2 32 7 61 51 52 12 52 94 8 27 69 75 70 53 28 59 4 43 86 59 84 99 21 44 69 34 41 87 68 67 30 79 58 8 55 82 3 27 43 76 96 81 83 42 1 6 55 69 82 59 32 16 95 43 25 7 5 51 68 30 
83 66 88 35 13 77 28 76 83 51 39 23 86 63 42 74 31 5 97 45 28 50 73 89 26 52 85 12 3 13 72 10 25 59 91 94 12 88 4 25 77 95 30 18 58 91 89 64 40 78 28 20 14 96 65 97 12 57 21 56 15 52 13 99 71 82 60 87 83 55 6 46 96 51 29 82 37 43 42 31 32 1 45 61 56 5 4 85 74 10 69 17 74 69 23 31 20 87 99 23 
63 21 32 79 76 63 35 47 61 5 79 48 40 66 64 13 47 90 18 89 34 79 56 11 87 22 70 87 4 74 36 13 2 62 44 20 85 87 34 12 13 52 57 82 27 13 89 59 94 57 6 100 71 12 28 62 43 76 93 82 16 24 15 82 63 49 78 91 20 63 28 58 50 32 96 22 13 99 7 24 13 80 73 3 62 73 79 33 8 28 33 81 43 67 67 89 15 60 72 3 
36 47 10 100 14 21 91 84 51 30 27 76 65 65 24 69 41 42 98 96 24 100 66 15 66 85 81 71 80 66 1 26 18 11 92 99 84 95 36 35 20 60 45 18 93 86 100 31 78 83 53 64 83 22 76 94 59 4 93 71 17 71 40 53 45 75 38 18 57 30 65 72 60 91 9 99 77 13 16 44 65 41 35 57 47 16 11 62 64 38 95 6 35 48 38 99 89 76 63 66 
3 34 79 14 40 45 87 6 18 48 87 53 89 74 90 66 66 8 90 48 13 45 99 68 84 95 11 72 22 64 73 22 9 47 50 2 91 20 35 32 87 94 28 62 66 59 12 60 60 53 7 8 64 3 100 20 30 17 47 74 41 73 90 7 100 74 86 71 69 2 24 80 4 86 64 62 8 89 54 46 95 7 52 85 43 3 19 3 45 14 33 22 69 85 59 17 86 85 66 78 
95 22 83 27 66 90 19 5 88 2 84 73 21 22 22 52 97 16 24 28 84 19 99 99 94 34 75 19 18 85 71 71 84 96 60 21 16 5 21 68 73 24 94 64 93 85 84 32 75 100 75 16 11 30 71 7 65 98 88 26 24 11 18 21 44 52 23 21 6 63 66 47 91 58 23 48 80 82 40 78 80 94 48 62 66 45 50 6 89 75 68 17 81 61 28 25 47 6 56 24 
36 28 57 65 66 59 37 97 28 64 96 98 16 50 71 99 74 26 72 49 6 44 5 85 40 73 60 2 58 18 34 1 47 28 63 3 51 29 50 54 32 48 61 87 11 72 63 39 30 71 8 44 80 65 73 29 65 10 5 29 4 32 50 33 94 91 92 65 26 55 31 4 93 80 47 37 58 44 25 61 46 39 68 22 8 14 1 86 33 35 62 41 42 40 16 3 78 14 20 78 
97 37 3 74 25 77 2 61 8 3 81 89 42 89 62 76 9 50 4 4 63 50 96 63 19 86 100 76 41 19 95 94 34 91 40 29 87 19 78 63 42 95 7 56 87 15 39 17 68 15 84 34 87 82 11 10 47 26 86 16 73 99 32 22 36 17 4 76 19 51 62 2 34 53 98 98 93 76 51 18 28 33 63 37 81 27 15 23 66 1 13 98 74 47 84 62 60 95 45 96 
2 83 79 31 90 26 4 95 78 92 86 7 65 42 82 16 2 77 48 98 45 65 75 6 22 49 7 5 28 57 61 45 63 61 57 25 42 76 59 97 80 55 99 35 11 95 69 44 81 60 89 22 11 23 14 29 7 31 61 32 54 15 40 18 74 91 60 85 80 17 52 67 10 53 19 78 31 32 4 4 31 36 56 8 88 96 31 63 65 43 42 46 50 30 24 15 52 19 88 99 
62 7 91 35 24 38 10 74 48 37 22 53 39 93 99 23 29 51 9 79 74 75 46 12 87 44 7 17 92 15 12 82 36 92 3 46 27 30 72 8 14 79 9 22 5 23 7 60 81 7 54 22 92 10 44 82 97 87 3 72 66 53 6 39 12 30 38 79 30 50 9 66 10 8 39 80 77 14 39 70 52 98 56 44 54 67 73 31 8 29 10 39 59 72 44 65 96 63 62 22 
26 44 93 52 11 58 73 7 76 23 57 94 10 39 92 4 77 64 41 96 9 32 17 83 34 76 75 44 24 14 96 9 81 65 67 62 53 7 22 22 73 32 23 28 56 62 62 34 16 48 60 32 19 66 27 44 31 33 46 58 54 23 48 5 81 94 12 15 1 57 88 50 44 31 74 63 14 14 46 11 75 35 77 24 14 53 38 33 2 79 79 69 80 78 10 25 82 77 8 23 
82 19 21 90 50 2 46 76 38 57 84 47 71 37 78 43 70 32 24 38 12 82 28 69 17 15 97 51 22 96 11 87 16 88 31 87 94 99 15 70 78 38 63 97 94 2 81 86 56 54 22 88 36 42 87 43 14 22 75 43 83 61 73 67 88 42 40 84 20 32 88 42 9 82 29 58 18 74 11 40 100 89 80 51 59 91 82 27 9 67 62 34 93 18 53 10 5 40 61 74 
57 55 15 39 71 67 44 33 91 30 60 18 60 56 74 34 11 93 45 84 40 66 67 64 54 78 48 57 7 26 25 85 40 47 10 6 65 50 88 31 8 12 60 52 90 19 59 90 38 45 14 3 71 87 14 12 20 13 22 71 94 56 86 52 85 52 62 6 50 39 67 4 73 97 10 37 37 94 49 7 28 9 23 27 61 11 82 35 82 67 75 41 63 70 14 20 52 18 59 64 
51 59 36 43 70 58 11 89 78 13 6 84 44 46 50 57 62 36 5 92 49 79 47 79 69 92 34 40 46 52 60 92 82 12 34 80 28 33 39 14 79 24 51 57 30 85 37 20 22 43 65 88 36 55 9 52 29 59 90 5 82 68 63 29 93 55 94 57 54 64 34 77 78 88 20 39 42 16 64 65 54 25 3 99 7 35 43 88 57 57 14 46 89 74 98 36 24 57 28 83 
64 53 44 1 31 83 4 50 80 65 85 31 93 96 11 8 34 21 59 36 27 91 21 36 6 8 2 64 41 5 72 49 91 70 80 96 29 2 81 17 89 55 51 84 39 14 64 39 70 14 74 72 7 10 17 22 49 11 79 90 42 98 45 48 6 86 32 98 52 90 13 41 93 9 85 77 21 22 64 25 46 18 44 59 96 16 92 61 14 91 5 14 87 54 25 83 29 64 86 4 
12 69 17 61 90 17 16 56 93 12 57 38 35 1 56 22 50 90 55 45 42 17 91 27 94 40 70 96 24 10 99 94 50 17 97 94 62 98 4 25 74 23 84 57 91 60 71 37 89 33 1 77 84 59 51 9 77 36 29 3 100 19 35 79 32 52 77 95 100 72 17 75 73 13 1 3 44 29 86 43 97 24 84 66 36 54 71 33 47 5 34 62 76 91 21 56 21 16 64 29 
5 23 58 91 32 85 52 36 38 38 99 32 15 26 2 63 39 3 36 95 73 61 72 70 53 54 95 48 38 96 24 32 56 71 65 81 86 27 100 23 59 49 10 25 83 85 49 93 48 72 5 82 22 99 53 33 38 40 59 36 5 60 35 15 13 64 80 76 64 75 94 8 73 60 97 62 63 96 63 19 23 95 4 35 54 31 31 31 19 9 54 23 33 95 70 63 80 18 16 32 
57 13 39 8 23 30 30 42 85 99 9 46 77 71 99 25 57 14 91 48 96 22 56 38 99 67 48 67 70 82 20 30 85 77 57 43 66 86 23 22 36 90 66 90 29 28 88 41 80 58 29 79 14 5 12 65 2 95 47 96 42 34 78 6 60 84 88 80 33 54 58 49 69 73 40 34 43 29 73 35 70 52 64 24 92 15 40 79 10 43 25 89 68 87 12 19 59 64 66 56 
68 25 84 28 27 8 81 38 95 72 62 78 99 72 38 60 34 13 90 49 79 27 68 27 65 86 12 58 53 30 1 14 96 55 24 86 82 99 66 8 10 48 65 98 68 39 73 67 17 85 19 62 98 76 6 98 24 41 72 63 38 83 66 11 83 68 36 44 70 34 23 81 51 85 93 20 72 55 50 68 64 89 87 35 82 68 95 97 85 94 57 33 11 97 81 2 76 52 78 78 
88 85 32 76 31 43 29 88 67 78 33 28 43 43 90 39 8 32 77 60 65 87 66 24 55 38 54 24 96 27 83 87 91 69 28 47 37 11 90 69 42 6 6 50 67 69 91 3 46 80 10 32 59 62 5 53 90 45 81 17 81 45 83 64 67 88 65 58 5 11 68 56 76 93 40 11 27 86 28 47 30 69 44 29 39 22 80 56 25 13 41 96 10 59 50 20 61 28 81 82 
79 68 18 1 41 38 29 98 91 77 3 14 56 9 77 42 90 75 32 96 67 16 4 50 75 51 55 32 84 51 37 63 16 2 70 43 10 57 47 36 76 60 93 36 78 90 62 4 75 56 77 58 80 45 88 42 45 38 76 59 36 75 80 52 51 34 22 46 46 81 27 93 37 50 42 42 14 51 6 55 66 35 63 85 96 4 2 41 67 5 91 22 86 30 76 10 64 14 7 67 
9 24 17 8 78 63 29 44 76 47 71 6 51 15 41 46 4 17 5 26 1 94 17 1 89 30 79 36 48 96 29 18 51 17 56 61 83 11 8 50 70 84 99 77 59 64 5 64 55 52 79 82 84 55 6 27 69 2 27 39 2 62 32 34 57 36 66 78 9 74 65 22 34 13 23 65 65 46 9 88 30 97 22 1 99 66 13 61 75 58 78 98 42 30 56 44 70 77 57 16 
63 96 89 15 27 70 31 38 90 30 50 90 68 88 87 14 6 5 64 18 50 90 13 70 61 47 48 31 95 49 26 50 26 90 76 39 78 6 27 3 97 10 60 33 73 73 82 29 42 15 53 71 66 73 27 19 94 92 61 4 99 42 89 86 92 62 53 30 70 55 3 45 30 19 6 6 41 20 31 60 58 72 13 83 23 1 10 12 25 47 11 63 74 65 14 44 67 89 22 13 
19 32 70 88 9 18 94 84 33 77 82 28 82 16 44 11 50 14 96 61 47 23 58 63 12 42 56 81 35 80 85 40 65 2 25 26 67 33 98 36 100 77 30 28 18 55 18 30 70 30 78 52 62 64 26 84 98 10 92 97 22 37 47 82 49 11 88 34 15 61 63 21 58 30 96 30 87 61 74 13 68 90 100 74 57 46 10 31 43 91 19 31 38 70 20 72 66 56 63 22 
73 27 69 88 52 34 20 42 16 38 25 84 22 82 94 94 89 45 43 32 87 23 46 96 67 45 80 98 13 13 74 79 42 22 67 13 17 99 90 17 78 58 84 26 42 6 75 86 68 1 30 38 67 56 48 79 3 4 10 2 40 11 96 28 1 69 43 23 21 19 54 11 60 57 1 16 28 15 49 62 41 23 4 94 46 92 8 9 56 46 96 59 1 92 62 6 6 58 55 42 
57 37 7 55 90 35 28 49 10 43 6 11 4 13 44 32 48 82 69 89 77 38 92 27 40 82 88 52 57 12 28 48 48 8 34 90 44 60 59 82 14 72 87 61 66 44 61 43 26 57 92 92 63 82 55 23 27 19 10 83 35 83 26 10 78 42 8 95 43 1 16 94 96 100 24 47 42 20 34 39 62 99 89 38 25 77 48 22 64 61 52 86 63 59 49 55 92 62 82 55 
82 84 96 22 66 77 100 46 32 10 84 29 67 7 96 14 79 87 69 89 15 46 89 94 10 24 32 32 96 4 3 33 37 79 67 62 2 30 17 41 41 48 63 41 74 25 33 21 94 8 84 47 66 96 51 43 55 62 81 52 61 24 34 62 65 12 97 61 12 70 97 89 56 36 95 94 85 81 39 62 44 4 31 77 7 46 88 76 58 57 38 45 12 22 90 85 29 81 90 31 
22 95 17 89 9 37 7 33 27 55 39 50 83 3 84 14 81 16 33 46 55 57 16 32 43 86 8 20 5 45 89 38 98 12 5 46 73 18 97 25 89 3 49 4 47 66 84 87 65 38 77 12 95 78 95 28 73 16 12 20 18 31 39 35 59 13 8 72 71 9 31 95 85 70 1 85 43 51 14 16 94 32 94 7 69 32 94 69 82 61 42 19 31 65 89 41 90 74 32 22 
67 73 78 59 61 78 79 28 95 51 56 76 32 94 46 2 82 32 3 17 47 19 29 85 56 6 88 90 1 51 27 20 70 38 46 56 25 68 22 75 3 23 96 31 71 72 15 82 16 56 76 89 35 39 23 33 17 42 59 78 35 84 70 72 2 100 10 82 7 61 92 71 12 57 23 75 100 98 35 66 65 14 10 28 15 18 22 80 15 97 61 90 89 26 89 15 98 83 16 27 
42 63 63 10 45 7 65 54 66 84 58 52 69 80 69 100 77 66 51 54 61 59 17 38 29 15 32 36 99 47 46 68 15 60 4 20 70 95 14 72 46 90 62 5 10 32 53 29 11 81 50 54 80 80 28 21 78 36 30 21 63 48 85 40 47 86 62 72 68 75 37 94 78 29 5 39 82 9 97 28 65 1 14 20 39 48 58 96 88 57 73 34 89 78 89 36 19 95 47 11 
94 98 3 35 64 91 1 2 92 50 10 69 17 24 93 38 86 16 47 10 40 31 67 48 57 26 50 7 39 86 45 89 52 47 17 44 96 86 52 21 93 61 36 47 73 89 17 25 45 98 98 72 9 20 5 7 24 78 95 91 9 74 70 65 22 76 21 85 96 36 75 93 12 45 19 83 100 20 43 16 53 11 57 9 31 10 67 62 57 55 90 56 27 25 51 71 65 64 23 17 
82 83 77 26 57 6 43 84 27 88 11 76 89 72 2 74 39 64 20 42 36 10 1 87 52 18 39 48 80 27 73 21 2 14 20 63 13 12 28 19 9 83 81 20 49 59 14 47 24 25 82 78 54 61 33 68 41 85 5 80 20 45 89 72 94 32 14 60 10 63 29 80 66 8 32 30 34 22 49 27 74 59 27 79 78 90 93 30 5 2 36 86 8 98 25 31 92 27 92 78 
58 27 3 46 42 51 34 98 27 4 26 6 6 41 12 92 24 15 59 38 24 97 46 95 16 30 3 54 95 98 74 85 77 68 82 25 82 45 69 25 56 48 71 2 62 99 85 6 49 50 77 39 2 46 61 10 92 86 83 83 60 97 64 24 30 86 62 46 85 8 78 19 58 68 14 52 85 41 9 17 92 10 65 78 40 42 65 44 33 40 63 89 74 56 22 44 93 10 46 29 
84 73 89 23 83 3 84 55 36 91 70 28 33 39 73 87 65 91 28 45 10 1 9 30 49 27 23 69 54 34 72 53 1 88 77 62 26 29 17 65 81 57 6 83 33 85 93 21 33 50 5 72 39 46 91 23 61 38 36 61 46 88 46 19 26 54 12 63 92 86 84 94 7 27 42 36 30 56 51 93 97 92 3 57 17 77 15 7 83 37 9 63 80 30 13 18 75 13 76 95 
67 46 27 43 34 73 90 40 7 96 9 42 100 3 19 42 15 36 22 47 46 20 14 49 76 22 89 67 54 63 42 2 78 81 20 8 7 15 78 98 25 81 1 28 51 21 1 36 85 25 91 66 75 100 75 8 35 54 22 74 37 14 2 67 34 95 80 36 1 90 25 16 22 51 25 73 52 64 85 30 24 82 40 41 60 67 3 31 36 16 67 34 56 28 31 14 85 56 23 35 
17 48 69 74 17 46 90 83 65 2 22 49 39 42 51 76 83 66 95 55 67 99 13 4 5 11 99 76 29 100 69 39 85 23 32 25 70 6 35 58 49 50 58 64 50 73 81 98 24 90 99 19 96 90 89 27 74 25 84 57 74 28 42 2 99 97 91 33 90 36 74 91 25 7 15 17 86 74 86 23 85 9 55 72 4 43 88 7 46 41 95 72 7 38 65 36 79 4 42 65 
28 70 53 61 40 55 78 92 89 79 30 29 36 17 51 37 15 45 13 6 66 15 20 6 56 31 71 46 3 22 36 98 13 14 25 10 2 25 79 10 82 51 9 77 73 49 30 11 95 48 63 38 41 19 3 86 33 36 92 91 17 17 75 15 19 66 42 95 84 29 37 7 26 22 90 26 18 60 54 30 26 36 13 11 39 41 7 17 91 15 96 25 92 32 49 41 100 28 28 74 
16 63 94 50 99 88 78 21 57 88 73 5 67 57 4 58 57 49 17 71 28 34 55 53 25 63 99 39 87 66 79 23 61 3 8 20 56 10 13 69 69 16 88 57 86 63 48 35 17 63 34 31 91 84 44 9 79 17 21 50 21 78 90 42 4 9 60 5 29 46 71 60 63 48 22 41 100 67 61 21 41 15 16 22 97 25 76 85 74 88 62 86 57 95 94 89 31 90 50 95 
63 93 100 82 42 64 17 26 68 15 27 53 77 57 35 7 48 84 99 93 63 51 60 66 91 13 95 15 53 36 61 61 13 39 15 45 2 32 67 51 59 20 33 26 64 54 25 91 55 19 97 3 20 63 69 50 4 59 33 58 74 88 67 9 12 45 70 46 3 32 54 65 23 27 40 25 74 84 32 17 43 85 58 46 55 62 62 8 47 63 84 83 99 67 94 88 38 97 87 11 
66 60 80 87 54 78 72 89 71 48 26 74 43 74 73 72 36 1 35 13 20 84 59 9 87 11 19 89 49 21 59 20 6 64 29 82 92 51 29 23 16 55 93 53 67 38 36 57 90 20 68 84 67 47 7 80 62 74 42 8 13 67 13 45 100 5 47 18 51 52 11 46 96 68 9 23 7 33 77 39 9 3 60 7 81 42 16 70 45 58 79 15 8 25 51 81 18 25 24 38 
61 23 53 8 95 62 4 24 100 44 97 3 45 87 69 14 57 26 38 33 15 13 37 56 60 78 39 48 94 86 42 27 93 71 65 78 90 31 24 3 89 21 31 36 47 18 65 10 11 55 1 53 12 41 38 15 36 46 82 55 24 26 67 76 68 32 21 86 51 50 71 85 35 17 21 39 54 34 77 39 32 17 65 7 9 24 28 53 53 44 56 6 94 39 20 50 13 10 2 20 
49 6 63 97 4 48 9 11 70 81 17 20 55 65 61 91 1 93 36 2 34 54 5 56 58 95 72 89 36 76 23 19 77 9 77 44 14 63 41 70 28 89 16 46 93 53 22 60 48 28 14 69 15 27 77 22 59 52 85 72 22 32 38 88 93 78 4 69 25 40 67 28 19 73 64 84 36 63 56 26 70 93 29 34 80 7 87 75 6 13 37 51 1 45 1 15 80 85 26 25 
3 61 3 86 31 92 63 75 22 81 67 27 52 32 43 55 54 74 92 80 66 29 61 91 16 16 5 83 19 50 9 4 66 5 43 4 80 92 42 98 99 89 66 56 69 41 94 25 8 41 48 24 3 6 41 92 52 75 46 96 17 5 38 37 10 15 41 29 79 100 45 46 89 34 67 32 26 60 47 51 59 50 83 84 74 59 17 61 75 87 56 87 10 39 21 64 1 69 95 2 
63 92 35 79 98 32 20 61 57 81 86 39 66 78 57 96 66 88 81 51 28 16 3 40 62 46 18 3 61 42 35 54 69 24 2 100 9 94 46 11 56 49 11 41 37 65 73 19 59 9 44 17 63 59 22 2 66 79 5 3 81 74 62 38 88 36 80 53 47 66 65 3 47 82 45 50 52 56 33 70 97 54 3 56 81 74 58 38 41 66 49 63 2 41 15 34 80 52 94 24 
83 59 72 85 13 21 65 30 76 85 7 88 49 35 78 8 25 91 87 44 3 24 3 85 75 47 100 9 61 9 24 70 1 49 29 28 66 55 64 88 48 62 8 38 14 17 73 84 51 100 57 67 61 11 3 9 28 64 63 91 44 93 66 58 61 44 34 25 82 18 91 37 20 89 79 75 52 42 44 5 92 95 84 47 54 41 9 56 1 96 49 29 4 9 3 94 36 20 24 31 
62 64 81 32 53 4 70 44 52 3 34 94 59 30 23 81 46 73 33 50 15 11 10 99 42 73 9 90 45 50 3 87 69 28 89 66 21 74 99 16 97 81 76 56 8 31 64 93 34 82 70 54 97 13 98 32 88 86 70 35 81 4 47 92 27 25 22 42 47 35 55 16 64 62 86 62 8 85 65 94 5 62 73 40 23 35 36 49 36 98 31 93 50 23 99 39 24 57 73 37 
24 18 94 64 91 24 100 29 38 12 59 85 43 84 47 90 14 75 54 98 6 75 56 95 6 8 76 76 9 35 26 99 30 25 80 99 48 53 42 80 22 100 41 93 60 72 13 90 33 66 42 14 76 96 60 54 45 29 27 38 21 27 45 19 16 19 9 22 62 23 87 44 60 65 85 71 97 30 50 32 57 73 5 57 92 56 13 85 73 88 74 25 69 9 18 30 83 32 48 52 
26 89 65 93 69 27 93 90 21 78 21 21 36 59 75 48 25 37 37 13 12 83 73 55 80 77 84 67 38 24 34 6 55 19 58 2 72 34 42 51 97 88 41 96 8 51 91 27 40 98 9 69 58 16 54 37 18 43 36 79 37 92 43 88 29 32 67 92 74 70 12 42 80 76 15 74 12 79 63 93 96 83 57 26 53 86 43 42 35 31 22 49 12 62 51 89 93 62 83 54 
53 47 83 10 90 10 99 47 5 34 69 3 85 16 28 96 51 52 9 60 52 17 42 74 8 95 70 97 46 28 80 21 71 82 7 92 7 74 1 10 86 75 90 72 87 73 60 98 51 16 56 39 76 94 12 53 80 47 83 53 20 26 20 100 100 17 71 47 76 33 84 68 67 96 78 69 83 10 39 92 30 69 56 20 84 32 39 95 28 11 11 25 75 4 85 72 18 97 68 96 
64 1 98 100 5 52 21 90 12 99 74 16 75 7 17 99 38 88 49 16 97 41 43 36 64 95 41 92 23 35 59 14 71 7 9 91 30 99 74 22 43 28 25 75 18 90 54 31 40 67 20 71 78 95 36 67 70 9 8 89 87 37 5 98 58 64 74 37 93 25 34 5 3 69 40 88 71 42 81 61 10 87 49 57 71 91 89 89 1 75 32 99 56 81 77 76 44 34 1 1 
15 50 98 8 84 7 54 41 91 55 16 24 34 86 23 45 57 19 65 99 30 69 67 97 28 38 10 91 45 59 50 91 30 95 63 23 38 8 53 66 77 85 16 45 26 47 12 12 59 62 99 49 24 52 99 4 75 15 43 83 6 34 4 92 21 42 4 29 14 26 43 36 10 89 72 75 93 37 74 45 13 72 64 82 75 30 58 7 15 18 89 14 34 62 96 92 44 44 24 67 
83 91 53 27 76 85 46 55 8 6 87 69 100 64 68 66 8 97 65 75 78 50 92 69 61 5 46 18 36 18 66 65 85 53 27 58 13 30 100 17 98 85 81 52 10 56 55 27 6 55 59 12 3 47 68 27 16 34 98 43 44 10 43 9 85 74 100 22 1 41 39 80 59 54 72 65 50 63 4 10 49 30 34 65 11 13 4 85 89 69 8 43 28 69 39 46 74 4 58 86 
62 4 31 93 44 9 66 25 65 29 37 26 42 57 68 86 97 12 89 38 99 50 91 37 25 8 6 74 40 2 71 59 2 1 84 91 99 30 17 19 17 70 4 68 88 56 62 72 37 80 16 32 23 61 49 49 18 6 32 54 67 80 100 52 33 83 41 67 39 9 3 44 9 63 30 59 83 95 32 91 83 81 11 40 39 70 32 80 99 38 8 1 64 29 25 58 13 97 52 40 
33 90 86 35 57 18 75 41 20 93 86 50 68 48 74 57 14 97 13 2 41 18 31 88 70 27 41 37 48 25 63 19 83 97 82 69 90 76 3 50 81 16 16 34 35 75 7 39 12 7 20 30 59 53 65 46 86 65 70 92 85 78 95 67 48 39 29 98 11 50 45 48 85 47 97 66 68 59 80 64 26 14 96 85 49 51 78 96 7 84 14 35 53 36 72 77 84 6 14 81 
73 10 6 80 5 51 30 11 4 29 3 29 43 51 43 62 15 20 42 49 21 70 66 84 87 43 54 93 44 35 12 46 2 97 58 24 79 6 31 73 18 43 86 33 44 31 11 30 10 96 28 42 48 28 38 96 71 7 100 54 7 15 52 38 72 84 77 8 6 9 72 63 98 63 74 86 39 80 37 100 97 87 18 35 33 14 58 6 65 72 79 89 45 48 82 33 3 74 43 56 
78 72 45 2 45 11 54 32 66 80 49 53 81 29 22 75 51 28 77 84 10 46 59 81 63 56 38 54 21 70 68 79 84 88 57 17 70 13 12 100 25 21 22 17 81 58 93 7 2 59 69 78 57 33 44 7 88 37 7 94 4 42 7 45 75 99 9 72 29 56 70 46 74 49 90 55 93 74 15 26 19 69 20 77 99 74 78 2 80 9 63 25 67 57 45 83 59 99 81 81 
91 32 57 81 39 19 3 72 93 82 79 57 93 44 75 41 10 39 68 87 24 39 68 18 11 15 78 45 13 26 45 54 35 56 1 74 3 39 30 15 2 76 79 43 76 14 98 73 76 33 68 14 3 7 67 93 43 15 30 2 100 70 25 83 17 54 70 52 43 65 63 5 47 26 77 57 85 61 4 50 61 57 24 18 25 77 64 39 83 23 100 23 84 37 60 29 73 41 63 100 
34 100 78 1 8 26 6 59 95 48 63 19 3 13 93 96 94 29 74 88 95 34 22 27 90 81 84 32 84 1 90 58 76 2 6 72 70 42 65 32 10 18 97 9 24 35 31 35 11 91 43 11 24 13 34 31 1 5 75 67 9 86 89 57 33 70 97 62 32 100 32 53 31 69 15 47 56 21 97 44 67 7 25 89 57 86 41 70 97 61 38 54 49 77 9 53 62 93 53 18 
70 30 78 53 49 8 81 74 69 5 25 26 19 69 37 5 27 14 23 73 87 17 61 51 86 88 30 95 50 33 31 97 9 91 50 57 88 27 74 2 89 82 45 38 82 53 11 56 77 57 23 92 73 89 19 92 15 32 35 51 10 11 6 62 12 74 61 44 64 70 64 18 79 48 62 95 68 51 30 42 63 40 27 2 54 9 73 17 37 22 50 48 84 23 8 54 91 5 31 87 
90 57 5 82 16 67 16 6 17 68 4 70 85 53 53 36 87 93 40 39 70 36 29 39 10 86 19 16 2 75 11 45 5 96 6 96 87 31 46 99 30 26 55 88 56 53 90 85 94 69 18 81 41 83 1 99 20 94 41 1 14 72 31 39 78 8 95 33 92 68 2 29 2 31 28 22 99 97 98 62 90 17 63 72 86 76 30 29 4 61 28 100 6 84 13 13 35 95 84 80 
43 2 98 41 57 1 91 33 46 36 73 74 83 33 49 80 58 86 83 17 20 45 88 18 67 100 90 98 2 10 8 55 61 57 19 2 48 6 60 28 14 57 46 82 82 94 71 16 84 20 30 78 84 60 51 59 31 2 94 19 67 89 57 58 81 25 21 41 54 64 7 81 89 14 87 5 50 90 72 97 4 20 45 17 70 97 63 6 81 11 65 91 41 17 33 58 16 94 96 5 
51 41 55 12 46 58 98 88 83 99 57 14 34 89 5 61 20 63 94 48 74 11 39 55 32 56 65 3 20 17 71 3 7 88 81 82 94 5 56 99 70 43 10 100 7 67 54 98 1 16 62 80 12 19 27 70 12 92 1 8 64 16 43 67 55 69 85 22 95 2 5 61 62 96 70 27 94 86 12 38 42 63 8 75 10 81 10 25 77 88 4 70 93 76 16 84 55 96 83 74 
16 67 92 23 3 12 99 42 48 18 94 79 98 56 59 40 28 47 68 64 56 87 96 52 65 82 58 35 57 1 78 19 74 47 71 24 34 97 75 29 32 63 26 81 21 35 97 96 35 27 21 22 69 55 15 31 83 85 45 87 47 60 60 11 96 19 24 29 58 70 63 53 22 53 98 93 92 84 52 35 14 71 92 55 30 67 54 86 27 32 21 69 68 69 71 14 50 29 12 58 
3 31 15 82 70 56 39 19 49 39 13 88 93 85 39 17 85 51 25 74 89 41 97 32 24 36 76 64 88 54 27 54 30 100 39 23 9 100 49 90 30 52 52 63 40 83 56 9 37 15 59 59 74 23 58 17 16 53 91 4 71 70 64 53 53 77 91 61 14 17 27 59 67 87 61 73 76 72 76 66 23 51 42 8 98 26 56 91 39 96 16 50 2 86 61 16 59 42 50 83 
6 36 79 37 51 29 20 74 61 60 67 74 70 99 12 65 51 61 83 76 14 54 42 63 33 8 16 23 53 95 13 58 83 51 79 25 34 72 92 94 65 55 65 77 66 79 26 83 75 6 63 85 27 97 10 75 93 77 70 17 41 16 100 54 91 56 40 50 64 66 98 67 42 61 45 12 63 99 96 86 17 4 91 56 56 83 17 57 21 66 99 27 54 33 47 50 18 9 6 61 
22 37 10 72 19 50 53 39 74 11 54 42 38 63 37 85 77 78 8 58 1 10 15 76 52 59 46 66 62 36 96 97 75 31 52 59 4 94 67 41 74 84 47 54 44 92 31 55 56 72 22 97 98 80 33 77 56 20 72 64 37 28 32 24 23 74 36 17 82 93 72 59 31 36 49 38 53 29 13 11 91 95 10 35 51 46 39 98 17 57 90 9 98 40 100 27 95 44 57 13 
84 51 19 24 10 37 82 47 61 15 61 53 74 1 15 75 80 7 55 98 79 99 84 76 14 94 97 88 45 96 36 19 83 69 2 25 34 65 23 45 7 86 50 4 91 21 62 94 82 31 70 97 15 84 90 47 96 77 51 75 92 5 10 81 33 77 43 9 91 22 36 31 75 47 95 44 56 3 35 40 31 18 48 69 92 34 32 78 68 9 62 15 13 61 100 52 64 9 7 45 
30 86 68 49 29 32 49 14 12 11 66 4 50 63 84 79 70 24 17 98 66 10 65 57 82 35 53 27 88 95 94 29 58 23 25 17 78 11 64 42 64 57 75 50 100 33 47 50 10 37 43 47 71 28 34 45 34 79 64 8 55 65 4 44 15 76 93 25 73 50 64 47 43 37 69 52 95 21 42 96 95 47 92 100 42 47 75 74 66 33 16 35 99 81 45 30 66 41 17 37 
46 15 44 42 9 95 41 20 86 24 7 85 37 5 33 41 80 51 37 36 32 45 46 25 32 5 56 57 38 25 25 94 37 5 34 26 18 23 3 74 41 2 87 82 12 43 22 100 68 52 32 8 23 52 10 2 72 96 19 46 19 90 64 72 3 15 100 24 87 97 23 75 37 47 61 3 57 13 98 6 30 99 79 30 84 36 84 97 89 46 12 44 61 43 72 94 8 43 79 20 
59 41 85 58 61 20 47 23 67 15 26 2 6 2 68 61 89 94 63 47 58 14 87 57 9 41 67 84 94 52 43 85 42 28 28 96 50 7 95 10 71 93 19 66 77 75 21 86 45 43 97 63 4 22 34 77 34 54 26 47 51 34 3 83 37 80 46 73 46 70 30 22 88 15 79 22 70 92 67 49 80 77 52 66 94 61 8 93 73 71 9 55 10 49 37 35 39 2 49 44 
75 59 12 72 66 57 58 31 25 31 70 81 23 9 53 48 72 51 72 81 52 96 32 60 16 57 27 21 4 47 2 6 37 32 1 31 81 48 66 29 91 98 30 38 93 36 8 76 62 13 87 72 65 49 26 48 91 14 58 40 21 18 24 62 10 39 28 97 74 66 30 27 63 3 50 69 42 65 9 58 69 33 89 58 64 99 81 86 38 45 54 53 33 30 85 93 20 2 99 86 
76 69 29 42 13 17 71 46 47 55 39 43 36 96 14 89 95 60 35 44 66 4 39 44 16 53 11 14 70 72 48 11 15 99 64 97 93 11 69 96 79 84 31 19 24 18 1 3 100 34 49 67 33 12 40 52 7 70 12 54 73 97 20 72 80 14 87 93 32 23 24 40 6 39 41 49 99 84 28 28 83 67 3 6 42 90 23 77 5 77 18 45 20 93 22 60 90 84 73 2 
6 24 20 53 56 28 41 38 79 8 5 85 6 93 96 21 69 24 22 72 66 53 45 94 15 76 40 92 21 35 80 3 97 82 9 36 86 71 59 62 88 72 17 85 99 55 14 82 43 32 74 17 46 64 67 50 74 58 20 71 50 70 22 16 39 97 78 80 15 72 74 72 64 54 16 30 50 84 31 59 31 64 18 83 62 21 70 32 90 87 20 30 76 72 96 70 3 1 88 34 
88 19 88 28 89 100 57 9 37 90 4 100 13 70 36 63 21 85 100 5 66 39 94 88 31 15 90 33 45 63 67 70 80 12 19 95 22 89 66 8 74 32 13 30 50 97 70 40 32 98 19 4 19 26 70 90 3 46 8 80 62 45 47 51 27 35 72 81 36 96 69 99 32 54 89 76 76 92 6 91 26 17 8 6 75 24 78 4 49 33 42 96 65 76 96 66 93 88 75 33 
14 31 67 45 80 80 18 44 78 69 30 48 31 18 38 30 9 42 85 57 80 92 3 68 39 20 17 22 3 88 39 4 84 1 60 35 8 82 38 7 77 7 62 66 3 26 31 34 2 18 58 98 41 87 56 97 50 6 55 24 44 97 98 57 19 46 52 81 79 16 6 87 47 82 100 93 27 43 61 15 84 62 6 66 35 98 85 19 44 92 18 63 64 28 2 61 2 74 18 50 
38 23 34 40 39 38 3 66 82 90 25 47 94 76 37 62 58 22 30 81 9 72 54 88 8 46 24 27 29 53 35 70 35 85 86 34 78 83 70 81 8 8 71 10 84 66 63 37 74 1 79 99 43 4 47 75 79 93 20 36 40 23 83 91 9 7 45 71 70 25 38 21 42 11 99 91 82 34 99 40 68 32 11 39 92 10 84 51 9 31 37 16 88 52 14 86 64 41 17 70 
2 4 11 99 79 69 32 87 97 18 30 38 59 56 55 62 47 49 54 72 27 67 73 62 4 77 80 90 61 88 24 49 99 93 96 79 11 33 76 30 49 85 81 61 55 63 95 47 41 41 54 84 88 60 10 15 92 28 37 20 95 62 75 37 3 62 75 52 91 35 61 31 100 67 37 90 33 31 67 40 53 6 41 56 44 84 21 54 77 42 12 27 50 97 2 69 65 80 26 98 
33 22 64 6 60 96 65 67 56 46 63 65 7 31 86 83 4 62 62 32 86 48 2 77 43 72 20 21 81 20 34 26 16 92 89 12 48 72 60 92 88 82 90 19 8 2 24 79 10 30 77 44 95 44 71 34 49 50 99 79 60 12 87 96 73 92 19 49 29 91 89 20 54 26 78 38 98 71 26 20 97 44 61 91 61 28 23 47 72 77 61 97 21 94 9 27 6 82 32 52 
14 49 25 32 37 46 9 33 72 84 69 71 26 40 68 49 47 94 62 60 45 48 15 75 28 29 28 64 42 6 50 70 23 74 72 32 17 61 20 88 99 26 97 56 91 2 96 33 97 4 31 4 94 71 89 18 90 16 71 42 34 93 22 86 88 26 10 79 2 9 99 33 29 9 58 86 43 66 38 99 32 17 75 4 78 6 66 5 94 53 7 18 100 81 12 97 54 65 83 93 
97 69 53 29 17 49 40 97 94 13 1 81 87 25 42 71 10 61 16 58 72 35 40 76 18 63 7 35 76 84 74 83 97 9 11 87 71 59 94 87 57 9 15 12 38 20 16 78 4 24 57 34 32 26 74 87 60 79 81 43 22 73 5 17 63 9 90 85 72 13 45 5 99 35 30 43 10 25 85 21 31 3 66 3 99 50 21 83 28 50 56 1 37 54 30 82 14 66 56 79 
47 25 57 94 53 88 80 56 33 98 40 83 27 86 3 41 36 3 24 50 84 14 45 35 44 49 42 63 98 94 61 66 68 69 58 52 77 46 19 43 57 91 43 8 89 41 16 96 24 9 32 33 20 93 48 38 43 80 36 27 27 18 83 46 20 87 16 71 29 71 23 41 38 26 56 97 72 57 72 22 82 92 33 3 18 85 81 85 15 33 78 75 6 18 81 30 62 85 34 32 
56 5 22 90 43 20 80 42 97 100 25 54 78 76 15 49 28 12 16 49 83 94 70 23 66 19 2 71 2 5 54 71 35 10 95 5 20 61 50 22 10 88 49 94 92 17 34 58 90 73 44 21 51 46 49 14 35 95 79 56 57 50 50 19 41 25 41 7 93 65 76 78 53 19 69 87 81 36 54 68 74 84 10 23 100 41 91 85 38 72 32 54 90 24 3 93 38 74 85 27 
99 49 32 38 30 11 1 84 44 19 38 11 78 8 42 55 52 27 8 91 58 20 100 68 73 31 28 4 91 97 31 34 85 59 64 89 71 90 8 13 97 52 87 76 61 27 60 26 14 52 12 16 71 97 45 47 62 39 79 21 55 14 6 7 43 13 22 75 70 42 12 8 97 53 73 75 44 4 99 16 99 64 22 66 22 38 77 11 50 48 78 32 46 97 92 63 46 53 58 97 
82 90 83 75 47 40 36 79 10 51 17 80 33 7 91 3 42 99 97 87 48 26 18 88 48 66 87 61 41 29 94 83 88 14 82 94 59 27 19 81 35 60 56 15 55 93 43 83 63 80 89 76 77 37 59 25 66 21 12 3 88 16 88 12 99 73 21 58 94 32 4 32 23 76 45 89 81 34 6 15 9 64 93 89 63 81 1 76 3 46 39 90 60 57 70 25 55 45 31 58 
23 66 73 73 43 89 36 80 4 6 76 3 1 21 33 7 88 19 12 93 56 9 28 40 40 62 70 53 21 85 98 36 58 9 79 4 22 8 61 39 31 82 84 38 18 30 88 21 36 81 63 87 51 58 91 41 20 6 57 17 59 34 92 97 95 41 46 48 16 89 79 56 79 72 36 68 69 60 55 96 73 28 95 95 42 58 59 52 8 61 34 29 59 14 6 63 71 38 65 18 
10 37 63 100 6 14 2 39 93 53 54 36 45 89 52 72 77 87 85 46 89 35 11 24 41 30 84 90 37 44 66 85 15 74 10 6 90 46 27 76 86 6 21 20 72 86 50 71 98 43 41 31 58 96 30 62 48 34 90 46 86 67 15 77 39 70 34 91 14 74 86 38 76 99 80 100 88 13 37 64 79 68 19 90 88 52 4 60 88 98 39 69 57 15 81 80 51 75 3 74 
7 100 33 35 20 25 74 38 3 61 68 14 84 24 95 47 98 35 53 58 97 7 73 74 34 60 68 4 82 27 39 16 44 94 82 3 65 58 36 99 77 17 33 46 39 86 68 36 84 50 61 23 40 91 10 47 13 10 52 13 88 41 48 20 9 23 90 71 55 59 46 94 40 71 58 67 70 45 24 94 22 95 19 76 8 4 31 17 67 34 44 100 58 48 59 63 35 87 81 55 
31 1 12 69 74 10 40 50 24 75 97 68 65 71 53 28 53 40 64 87 15 70 26 12 71 66 52 93 97 86 51 30 60 39 86 12 2 54 10 54 50 99 79 11 76 11 93 52 92 17 92 65 85 87 48 55 3 58 95 1 79 84 96 29 38 12 79 56 61 55 74 28 51 21 80 18 99 9 36 8 100 62 85 37 86 86 31 58 59 68 40 83 81 77 83 39 54 10 21 5 
30 97 34 15 31 29 99 23 87 31 54 79 81 54 65 57 5 2 66 39 37 60 94 49 48 61 17 9 26 32 26 34 33 28 36 80 50 59 15 2 39 71 18 42 67 23 41 93 38 98 47 78 99 10 18 72 99 100 6 42 37 34 99 95 74 100 22 79 37 63 1 4 99 59 70 96 87 76 41 82 94 8 36 43 33 78 24 11 67 18 26 99 24 80 92 50 70 26 8 91 
