1000000 3645
737935 737935
757298 745097
760889 681
775430 6769
775848 320
777153 550
784734 199
791328 1770
793202 264
796270 2859
799725 2291
811360 4734
814321 60
820686 3344
826852 1718
828459 939
830212 400
834792 2165
835467 255
837899 178
838411 391
839453 532
840990 1378
843241 309
843447 21
844288 39
845951 430
847937 296
848723 113
848935 84
849244 138
849543 258
849718 91
849814 75
850540 333
851758 892
853606 1066
854121 39
854325 162
855864 1396
856192 70
856458 160
856873 400
857247 66
857263 7
857813 515
858368 64
858546 125
858972 273
859025 19
859738 348
859768 2
860128 38
860564 336
860813 235
861337 462
861467 8
862188 170
862449 78
862673 140
863460 432
863896 275
864370 346
864573 14
864824 214
865093 211
865205 50
865454 49
865747 212
865853 3
866356 29
867199 404
868050 518
868318 257
868653 107
869970 576
870181 161
870186 4
870767 533
870894 79
871583 266
872046 452
872521 265
872901 110
873409 214
873570 24
873647 34
874400 205
875550 554
875631 66
876150 372
876484 227
876501 16
876718 165
877504 427
877923 333
878663 19
878941 236
879644 176
880099 330
880211 69
880257 27
880267 7
880871 456
880956 62
881033 68
881074 10
881486 205
882129 342
882303 73
882507 136
882572 61
882676 30
882707 16
883663 836
883973 38
884338 61
884847 498
885150 189
885561 327
885584 19
885692 96
886312 373
886941 174
887229 76
887557 20
888242 79
888426 31
888931 337
889086 11
889124 20
889212 71
889939 91
890122 108
890242 45
890620 259
890768 141
891234 409
891626 294
891707 23
892222 180
892367 84
892497 1
893085 486
894078 582
894438 333
895188 103
895467 40
895533 17
895744 154
895974 112
896099 73
896503 180
896594 66
897243 543
897292 41
897349 28
897697 7
898370 198
898492 15
898702 65
898731 13
899089 349
899298 20
899366 37
899704 113
899722 7
899766 31
899827 38
899852 8
899986 18
900490 381
900537 3
900540 3
900798 48
900864 4
900865 1
900992 11
901070 71
901083 3
901586 382
901820 234
901859 23
901906 23
902138 12
902497 79
902785 94
902813 3
903517 602
903785 3
903991 166
904079 85
904302 10
904316 5
904322 3
904710 130
904818 94
904832 2
905222 312
905425 174
905565 9
905644 2
905654 10
905761 22
905879 61
906171 67
906207 11
906211 4
906329 1
906337 2
906548 115
906616 33
906715 17
906885 156
907026 52
907113 4
907184 59
907368 91
907696 53
907915 141
908226 4
908334 62
908399 17
908732 260
908802 21
908900 65
908909 8
908957 36
909082 69
909339 251
909440 20
909442 2
909517 22
909546 7
909606 42
909663 35
909732 4
909841 26
910012 162
910372 186
910518 20
910598 52
910670 64
910688 7
910811 91
911127 4
911279 32
911290 9
911387 70
911427 34
911779 253
912207 411
912282 31
912323 30
912408 41
912495 56
912500 4
912544 36
912567 2
912672 43
912779 31
912844 36
912882 8
912941 6
912955 6
913189 216
913298 31
913306 8
913582 153
913758 96
913819 11
913869 4
913954 17
914023 48
914126 64
914275 79
914313 9
914423 25
914439 5
914517 62
914548 10
914596 30
914640 20
914929 61
915024 31
915058 26
915205 131
915321 3
915580 79
915899 202
915928 14
916144 25
916147 3
916349 75
916381 13
916603 6
916802 103
916926 105
917405 426
917507 43
917538 1
917545 4
917588 18
917618 14
917680 7
917909 121
918008 32
918348 6
918387 35
918399 10
918473 32
918806 242
919415 442
919722 163
919755 21
919823 3
919954 121
920074 109
920245 91
920582 203
920673 79
920729 1
920797 18
920912 92
920930 16
921003 23
921023 3
921193 3
921250 12
921341 32
921375 26
921384 4
921475 51
921587 32
921665 50
921764 93
921920 123
921972 3
922058 74
922089 31
922122 14
922301 103
922332 30
922428 68
922449 14
922484 15
922497 6
922530 27
922630 29
922652 20
922693 5
922702 5
922728 20
922876 63
922909 9
922984 66
923165 98
923198 29
923255 5
923309 47
923417 6
923468 8
923631 92
923741 1
923746 5
923832 16
923869 15
924022 82
924070 11
924076 3
924104 12
924311 161
924377 5
924388 8
924536 81
924703 87
924750 45
924799 32
924827 3
924882 33
924901 2
925109 23
925147 9
925201 17
925321 16
925457 4
925584 82
925621 2
925622 1
925626 2
925642 15
925896 107
926018 41
926073 54
926167 86
926178 7
926292 90
926331 39
926339 2
926506 42
926553 40
926578 7
926598 9
926614 6
926746 62
926910 71
926925 6
927204 174
927217 4
927289 3
927390 4
927418 8
927526 102
927595 65
927760 36
927777 14
928131 58
928205 72
928260 33
928453 136
928478 22
928581 46
928602 16
928605 2
928691 83
928714 9
928747 26
928782 22
928844 29
928961 76
929102 91
929136 17
929248 88
929309 30
929364 13
929413 39
929428 14
929441 6
929884 338
929985 101
930061 68
930170 88
930198 10
930209 7
930217 2
930250 11
930257 3
930273 14
930398 69
930489 47
930539 47
930631 7
930646 3
930731 48
930758 26
930889 116
930997 72
931051 53
931154 77
931367 152
931398 19
931413 13
931474 43
931514 25
931607 92
931832 215
931907 37
931956 48
932075 33
932230 34
932350 24
932460 92
932586 63
932644 33
932650 3
932661 9
932713 34
932924 116
932933 1
933007 72
933056 5
933137 68
933207 64
933215 2
933292 31
933390 77
933447 53
933499 42
933594 95
933632 22
933666 34
933735 57
933844 88
933845 1
933848 1
933913 64
933983 33
934019 36
934020 1
934073 41
934159 67
934170 4
934237 45
934239 1
934249 4
934388 121
934400 2
934583 15
934586 3
934596 3
934600 1
934673 31
934875 202
934959 41
934998 5
935020 15
935079 6
935108 14
935156 8
935258 88
935435 102
935471 29
935498 27
935567 47
935672 81
935721 46
935729 1
935736 2
935851 35
935904 28
935937 27
935940 2
935943 3
935972 3
936018 12
936030 2
936052 19
936128 33
936147 18
936177 12
936241 54
936317 32
936418 26
936462 25
936550 87
936747 2
936835 40
937044 193
937119 75
937123 2
937127 3
937265 28
937280 10
937370 46
937386 3
937407 10
937444 28
937468 13
937481 4
937484 1
937509 3
937582 25
937709 90
937740 28
937762 22
937794 11
937808 3
937877 59
937927 43
937991 6
938171 171
938173 1
938218 34
938305 10
938331 21
938409 12
938430 3
938613 4
938690 70
938699 4
938702 2
938805 16
938871 26
938895 4
938969 52
939033 1
939108 38
939143 29
939174 23
939308 84
939436 36
939510 37
939514 1
939521 5
939534 4
939542 5
939556 14
939682 28
939705 17
939824 82
939844 2
939863 18
939889 7
939991 13
940020 12
940096 73
940105 5
940144 15
940147 3
940257 10
940332 52
940385 15
940488 94
940506 16
940510 2
940531 1
940550 12
940592 5
940603 11
940606 3
940657 27
940722 29
940776 51
940806 14
940859 49
940890 18
940925 6
940974 4
941117 123
941124 2
941148 21
941238 71
941273 22
941320 10
941331 4
941366 12
941388 10
941414 9
941477 14
941633 115
941763 32
941768 3
941802 12
941833 26
941895 47
941979 75
941995 5
942031 33
942070 35
942075 1
942198 63
942238 12
942450 80
942506 11
942548 36
942648 22
942667 3
942725 30
942788 13
942885 45
942894 1
943002 90
943044 34
943088 12
943114 8
943217 24
943284 2
943357 58
943416 22
943504 19
943528 5
943657 50
943796 60
943883 62
943890 4
943974 49
944022 34
944148 61
944212 22
944266 18
944326 48
944362 18
944416 52
944473 45
944490 17
944508 17
944570 44
944609 2
944643 18
944674 18
944732 19
944738 2
944749 8
944750 1
944767 10
944782 2
944830 39
944871 7
944994 15
944995 1
945015 13
945128 109
945171 5
945173 1
945206 15
945293 26
945357 8
945359 1
945402 27
945448 5
945461 8
945488 20
945508 2
945585 52
945659 73
945664 3
945804 119
945926 14
945990 2
945998 6
946041 1
946058 16
946134 15
946145 1
946151 2
946282 106
946312 4
946382 69
946398 9
946406 3
946475 40
946484 8
946538 21
946556 6
946660 76
946686 10
946781 64
946785 3
946973 123
946976 3
947070 21
947087 7
947150 39
947155 2
947207 17
947270 46
947344 59
947370 13
947398 24
947427 24
947535 108
947552 3
947605 5
947609 3
947620 2
947685 2
947687 2
947724 8
947760 9
947788 1
947892 14
947920 11
947939 9
948162 211
948235 63
948288 24
948351 32
948380 7
948401 20
948438 15
948476 12
948505 2
948580 24
948634 46
948683 13
948722 2
948744 19
948769 15
948781 7
948801 14
948837 5
948922 71
948934 9
948951 15
948967 11
949105 135
949107 2
949116 1
949188 11
949208 13
949258 45
949493 161
949578 64
949589 8
949648 5
949678 9
949679 1
949713 21
949744 6
949823 63
949837 7
949925 77
949975 40
949986 6
950005 6
950022 1
950060 32
950070 5
950072 1
950082 2
950147 46
950166 17
950208 13
950216 2
950228 6
950230 1
950308 11
950403 8
950420 7
950452 8
950479 21
950543 21
950566 12
950636 27
950650 3
950665 8
950687 3
950700 3
950702 1
950722 10
950775 46
950829 19
950856 13
950873 17
950961 62
950993 7
950998 2
951024 12
951082 39
951143 57
951188 34
951213 20
951224 3
951231 6
951272 34
951314 29
951348 10
951368 2
951426 6
951448 6
951462 14
951468 5
951511 42
951523 12
951604 16
951611 1
951669 18
951691 21
951694 2
951772 3
951791 5
951807 4
951848 12
951856 4
951861 4
951884 17
951945 6
952011 16
952054 29
952068 10
952074 3
952093 5
952198 51
952304 38
952328 14
952370 19
952414 38
952424 6
952497 63
952565 29
952568 1
952575 3
952612 14
952643 30
952686 34
952787 29
952801 2
952812 9
952817 5
952820 3
952865 5
952923 25
952960 35
952984 3
953036 47
953085 48
953094 4
953161 38
953194 29
953201 3
953217 13
953228 7
953229 1
953243 7
953329 58
953421 13
953426 3
953462 8
953529 37
953552 14
953585 22
953665 55
953686 16
953775 70
953795 10
953818 17
953822 2
953823 1
953834 2
953906 66
953920 11
953978 37
954011 21
954072 31
954086 4
954188 91
954190 1
954243 17
954277 17
954313 20
954412 9
954423 5
954430 7
954447 13
954457 4
954461 3
954480 13
954595 10
954607 3
954640 10
954665 2
954681 1
954711 3
954740 27
954790 16
954807 13
954813 4
954839 15
954859 19
954871 7
954915 10
954973 25
955024 36
955115 28
955156 28
955180 23
955198 3
955211 12
955248 17
955249 1
955250 1
955308 39
955339 2
955349 2
955371 1
955381 5
955397 3
955409 10
955414 5
955505 79
955544 13
955555 5
955559 2
955576 5
955583 2
955591 7
955602 1
955678 62
955709 21
955792 18
955862 48
955881 11
955904 14
956017 50
956054 27
956070 13
956080 1
956088 2
956094 5
956123 23
956215 25
956236 18
956335 64
956337 1
956346 9
956353 7
956458 52
956479 18
956484 2
956496 9
956549 48
956610 28
956611 1
956654 28
956683 11
956720 29
956765 24
956792 1
956800 7
956826 26
956853 2
956895 18
956946 9
956950 1
956955 3
956988 18
956998 5
957123 85
957150 18
957168 8
957189 14
957361 78
957426 62
957436 7
957437 1
957439 1
957471 9
957549 2
957556 6
957657 42
957708 20
957717 6
957741 23
957742 1
957744 1
957860 80
957874 7
957916 20
957979 40
958008 14
958040 25
958069 9
958079 1
958105 17
958128 16
958142 8
958168 5
958185 9
958192 7
958206 7
958209 3
958234 4
958256 15
958274 15
958335 7
958356 13
958386 12
958408 7
958447 27
958448 1
958498 39
958538 20
958551 11
958574 3
958576 1
958596 13
958633 15
958656 18
958715 45
958740 22
958782 35
958817 9
958839 15
958858 3
958898 20
958913 11
958964 10
958987 11
958992 4
959018 25
959083 13
959092 1
959101 9
959169 2
959176 7
959185 2
959263 42
959294 4
959323 18
959334 5
959346 2
959405 24
959426 9
959440 9
959443 3
959454 9
959472 10
959477 4
959493 8
959508 5
959580 31
959592 6
959607 15
959615 1
959639 2
959640 1
959647 7
959706 20
959761 49
959785 10
959810 21
959897 35
959906 3
959909 1
959948 1
960023 60
960135 22
960163 15
960218 16
960267 3
960270 2
960271 1
960283 5
960294 10
960404 109
960460 30
960562 53
960572 2
960600 28
960635 29
960637 1
960641 1
960660 9
960677 7
960696 1
960738 31
960754 10
960758 3
960760 2
960761 1
960839 71
960860 2
960864 3
960878 2
960941 31
960947 2
960996 38
961024 9
961025 1
961043 4
961093 27
961095 1
961201 21
961207 1
961289 15
961349 29
961352 1
961354 2
961357 3
961437 66
961453 8
961462 3
961493 21
961494 1
961522 4
961528 5
961550 20
961575 25
961624 3
961641 3
961681 28
961686 2
961691 3
961713 14
961759 29
961766 1
961786 16
961818 22
961841 2
961845 2
961869 22
961873 3
961939 36
961961 11
961983 18
962026 27
962039 13
962071 7
962091 8
962092 1
962093 1
962107 11
962177 60
962185 1
962186 1
962227 34
962280 21
962345 49
962422 75
962426 3
962438 2
962444 5
962569 109
962622 13
962636 1
962664 6
962667 1
962674 5
962695 19
962700 4
962703 3
962752 2
962797 32
962889 62
962895 5
962981 37
962997 13
963015 16
963086 61
963097 8
963171 26
963197 25
963209 6
963222 10
963255 22
963258 1
963267 4
963281 14
963286 4
963296 8
963322 1
963338 13
963460 63
963469 5
963518 1
963557 9
963561 1
963568 1
963634 39
963656 10
963661 1
963755 83
963792 17
963799 7
963800 1
963809 9
963902 56
963929 19
963936 3
963980 34
963999 18
964013 12
964092 55
964094 1
964103 6
964149 8
964183 23
964190 5
964219 7
964230 10
964235 5
964282 38
964287 2
964293 2
964298 3
964326 10
964362 7
964398 21
964406 2
964413 4
964417 3
964475 51
964508 26
964560 8
964567 7
964583 5
964592 2
964606 11
964633 11
964636 2
964655 13
964671 6
964709 31
964767 17
964806 8
964857 27
964881 4
964929 16
964940 8
964952 7
964967 10
964971 3
965006 2
965076 29
965081 3
965082 1
965100 4
965133 9
965140 3
965171 6
965203 14
965213 3
965219 4
965251 15
965265 4
965317 22
965366 18
965377 7
965382 1
965427 39
965434 1
965454 1
965492 19
965505 3
965536 31
965560 21
965574 12
965577 1
965591 4
965631 20
965646 14
965671 15
965677 3
965748 3
965755 2
965795 30
965821 6
965833 11
965902 51
965930 18
965966 35
965975 3
965985 3
966048 6
966057 3
966094 28
966142 44
966145 3
966232 68
966238 3
966244 1
966245 1
966263 16
966301 11
966302 1
966335 22
966344 8
966370 22
966388 13
966412 15
966430 9
966484 20
966487 3
966544 11
966559 3
966604 1
966616 8
966649 1
966671 5
966705 27
966804 66
966809 3
966816 7
966910 40
966937 12
966947 6
966970 10
966978 1
966992 8
966993 1
967004 2
967011 3
967050 20
967078 10
967104 17
967172 39
967179 1
967191 4
967219 8
967237 18
967261 5
967302 10
967310 4
967344 18
967345 1
967412 43
967421 6
967481 33
967489 5
967510 15
967512 1
967552 37
967610 3
967649 7
967749 32
967770 7
967792 22
967801 4
967811 1
967814 2
967821 7
967831 1
967835 1
967894 45
967906 6
967928 14
967938 6
967942 3
967954 9
967993 39
968003 6
968015 2
968033 14
968049 9
968068 16
968081 12
968083 2
968123 39
968125 1
968134 8
968146 7
968227 54
968268 25
968329 60
968331 2
968345 10
968352 4
968387 23
968411 1
968420 2
968445 4
968476 8
968508 9
968528 11
968535 7
968536 1
968556 11
968578 11
968595 1
968639 9
968662 1
968684 16
968710 16
968724 2
968746 1
968750 3
968767 10
968773 2
968796 16
968818 16
968843 15
968940 68
968976 5
968988 10
969021 24
969022 1
969037 7
969062 18
969119 31
969132 4
969135 3
969153 16
969173 14
969200 10
969220 10
969299 78
969379 24
969456 6
969533 43
969543 2
969576 22
969593 7
969601 6
969621 12
969672 46
969674 1
969690 12
969768 2
969770 1
969787 15
969831 3
969836 1
969841 5
969876 29
969883 6
969888 4
969937 26
969938 1
969975 22
969997 16
970018 18
970023 3
970044 7
970062 10
970092 3
970106 3
970115 5
970119 1
970154 24
970161 1
970162 1
970189 11
970216 27
970225 7
970316 5
970395 8
970398 2
970461 56
970463 1
970473 10
970483 1
970491 4
970493 1
970538 14
970566 23
970571 4
970588 17
970595 4
970604 8
970625 15
970651 4
970703 29
970716 13
970747 10
970751 3
970754 3
970777 21
970782 4
970799 7
970911 99
970913 2
970915 1
970934 7
970939 2
970952 7
970978 3
971033 33
971100 42
971142 38
971156 3
971160 1
971216 46
971228 12
971232 4
971249 2
971299 20
971345 8
971349 2
971417 41
971472 24
971488 11
971491 1
971565 45
971618 16
971647 1
971655 7
971660 1
971663 3
971665 1
971691 6
971699 5
971701 1
971705 4
971719 11
971743 11
971766 15
971789 11
971845 19
971932 17
971948 4
972067 103
972112 31
972177 31
972178 1
972213 32
972215 2
972284 13
972331 28
972371 20
972385 7
972421 19
972451 13
972455 3
972464 5
972469 4
972476 1
972491 1
972497 4
972504 3
972550 15
972574 22
972600 19
972609 7
972663 8
972690 5
972696 2
972710 10
972726 14
972732 2
972745 2
972768 22
972781 6
972840 9
972842 2
972871 20
972872 1
972911 19
972922 4
973000 15
973017 2
973089 34
973155 44
973176 8
973202 12
973217 1
973280 33
973337 48
973343 1
973352 1
973353 1
973354 1
973359 5
973370 6
973407 21
973432 3
973457 16
973463 4
973467 1
973473 4
973499 3
973511 2
973513 2
973515 2
973528 11
973547 19
973550 3
973563 5
973584 10
973604 8
973609 5
973653 31
973661 8
973678 3
973683 5
973700 5
973710 4
973712 1
973722 5
973751 28
973775 22
973778 2
973779 1
973783 1
973796 6
973810 10
973840 16
973905 3
973917 7
973923 6
973935 10
973937 1
973965 17
973985 4
974013 7
974039 19
974053 12
974086 11
974092 4
974095 3
974120 11
974124 1
974209 5
974222 13
974228 2
974250 19
974258 6
974276 11
974292 11
974305 9
974319 11
974362 4
974371 2
974389 1
974411 18
974459 23
974513 54
974537 15
974552 9
974585 5
974597 8
974604 4
974613 4
974623 8
974645 1
974651 2
974652 1
974669 10
974686 16
974727 14
974751 21
974773 22
974790 12
974810 8
974835 24
974838 3
974852 3
974860 1
974867 6
974878 11
974891 10
974898 4
974917 4
974925 6
974935 4
974938 3
974939 1
974955 15
974959 1
974961 2
974979 17
974995 13
974998 3
975042 28
975048 4
975060 5
975086 3
975095 5
975127 7
975156 3
975157 1
975175 18
975194 8
975233 16
975254 18
975263 9
975265 1
975273 1
975286 4
975292 5
975304 11
975320 15
975333 10
975345 5
975346 1
975362 8
975368 5
975419 26
975455 12
975482 21
975484 2
975510 15
975515 3
975523 1
975540 7
975564 21
975574 6
975587 1
975590 2
975622 23
975633 11
975655 15
975666 3
975682 13
975705 10
975719 3
975743 12
975745 1
975774 6
975808 30
975831 7
975841 2
975848 2
975864 14
975907 35
975913 5
975919 2
975957 19
975964 7
975972 7
975975 3
975993 16
975998 3
976008 8
976018 8
976024 6
976064 29
976139 64
976148 4
976152 4
976220 23
976250 22
976259 4
976275 12
976288 7
976296 7
976310 8
976369 35
976378 7
976392 6
976397 1
976427 24
976437 2
976454 14
976455 1
976490 10
976491 1
976504 10
976522 13
976544 17
976558 6
976598 14
976653 35
976661 1
976669 5
976705 24
976711 6
976734 14
976737 3
976757 15
976776 9
976777 1
976816 16
976848 24
976869 15
976888 15
976894 2
976904 7
976910 3
976936 10
976942 6
976948 5
976980 25
976982 2
977050 17
977074 4
977098 10
977100 1
977153 48
977163 2
977194 14
977195 1
977210 15
977220 3
977259 24
977272 10
977289 17
977316 1
977331 1
977363 19
977386 17
977409 2
977490 26
977496 2
977507 11
977525 13
977542 9
977544 1
977545 1
977581 11
977582 1
977593 4
977614 14
977635 4
977645 8
977654 5
977665 9
977716 49
977752 13
977753 1
977756 2
977766 4
977771 5
977780 5
977800 12
977803 1
977806 1
977818 11
977824 1
977825 1
977847 8
977851 2
977865 7
977867 2
977887 8
977908 2
977911 3
977938 11
977956 10
977973 6
977981 2
977996 7
978014 2
978047 18
978068 13
978071 3
978072 1
978081 9
978107 12
978113 5
978119 4
978142 8
978143 1
978153 1
978161 8
978206 33
978236 28
978260 12
978270 8
978282 9
978291 3
978295 1
978322 7
978328 4
978336 4
978347 11
978350 3
978409 17
978431 21
978446 2
978463 9
978468 1
978479 11
978485 2
978486 1
978494 7
978504 8
978509 3
978516 2
978542 17
978564 22
978590 12
978596 1
978608 11
978624 4
978673 30
978686 8
978699 7
978703 2
978754 43
978762 7
978815 8
978827 5
978851 6
978861 4
978876 13
978893 10
978919 20
978928 7
978931 3
978944 9
978952 8
978953 1
978984 14
979049 46
979054 3
979060 2
979075 6
979084 9
979090 6
979096 3
979103 6
979110 7
979119 5
979144 25
979166 12
979172 3
979205 31
979221 9
979225 4
979233 3
979240 5
979265 12
979282 4
979306 20
979350 21
979369 15
979379 1
979399 3
979405 1
979412 6
979471 57
979513 23
979518 5
979544 8
979549 2
979693 73
979799 94
979822 15
979839 2
979845 6
979856 9
979869 8
979874 1
979904 16
979911 2
979979 21
980011 10
980030 13
980044 14
980061 16
980066 1
980073 3
980076 1
980108 13
980114 1
980115 1
980175 53
980218 42
980229 9
980249 17
980268 5
980289 15
980328 10
980343 13
980404 24
980408 3
980416 4
980419 1
980428 5
980429 1
980447 9
980451 2
980454 1
980474 11
980483 9
980488 3
980527 28
980532 3
980547 1
980594 7
980597 3
980602 2
980623 17
980632 8
980661 27
980682 1
980695 13
980696 1
980697 1
980723 24
980752 5
980784 28
980812 9
980826 10
980832 1
980833 1
980843 5
980860 17
980872 6
980896 7
980900 2
980918 5
980930 5
980945 2
980955 7
980956 1
980986 30
981000 13
981032 12
981122 83
981137 15
981141 3
981166 5
981169 1
981179 4
981195 8
981198 2
981215 8
981219 1
981223 2
981233 8
981263 24
981271 7
981284 1
981290 4
981308 5
981311 1
981338 4
981366 17
981383 7
981393 10
981394 1
981424 26
981426 2
981436 7
981465 3
981467 2
981469 2
981471 2
981475 2
981502 20
981523 9
981530 6
981578 3
981618 25
981643 18
981659 4
981676 7
981677 1
981678 1
981695 4
981720 23
981729 4
981742 1
981745 2
981774 29
981781 4
981791 1
981799 8
981803 3
981837 23
981882 31
981884 2
981886 1
981896 9
981919 1
981939 20
981960 18
981962 2
981971 8
981975 3
981978 1
981992 13
981999 4
982007 3
982029 11
982091 24
982094 2
982099 2
982113 11
982125 5
982129 4
982141 8
982144 2
982154 1
982173 3
982192 12
982206 9
982213 3
982218 1
982243 17
982272 28
982277 2
982299 21
982374 34
982376 1
982378 2
982405 20
982416 2
982464 39
982486 19
982493 7
982514 2
982523 5
982535 1
982542 3
982559 10
982561 1
982591 9
982594 2
982612 17
982637 10
982638 1
982659 2
982684 8
982688 3
982729 40
982744 14
982749 5
982773 20
982783 7
982823 19
982843 3
982849 2
982850 1
982877 22
982884 2
982889 1
982926 21
983030 19
983058 25
983085 25
983100 14
983139 18
983150 2
983160 7
983161 1
983175 8
983185 1
983204 10
983208 4
983219 1
983227 8
983232 4
983275 28
983280 1
983302 14
983372 59
983385 5
983387 2
983393 6
983424 10
983434 9
983443 9
983450 1
983453 3
983499 24
983518 14
983602 20
983605 2
983609 3
983616 6
983618 2
983621 2
983656 27
983658 1
983682 17
983719 12
983760 1
983778 3
983785 2
983808 3
983824 6
983834 1
983844 1
983863 15
983877 11
983878 1
983890 4
983895 5
983943 31
983958 9
984001 21
984006 4
984022 11
984023 1
984046 1
984081 15
984083 1
984089 3
984123 3
984125 2
984135 7
984156 10
984159 1
984191 13
984200 8
984203 2
984207 3
984212 4
984213 1
984214 1
984226 9
984244 3
984257 8
984273 9
984274 1
984277 1
984287 6
984297 3
984319 20
984321 2
984341 6
984344 1
984359 10
984374 5
984377 3
984379 2
984402 7
984415 10
984423 5
984428 1
984459 24
984460 1
984499 25
984504 2
984554 11
984560 6
984566 4
984571 5
984574 1
984578 1
984592 3
984593 1
984595 1
984605 3
984621 9
984624 1
984707 68
984729 5
984751 3
984752 1
984766 13
984769 1
984798 11
984806 8
984813 7
984823 10
984845 2
984901 14
984906 2
984932 12
984933 1
984958 24
984988 3
984991 3
984992 1
985014 7
985023 1
985041 2
985044 2
985047 1
985056 8
985057 1
985084 13
985085 1
985107 9
985111 3
985135 13
985147 11
985162 3
985163 1
985165 1
985168 1
985196 17
985224 2
985236 7
985255 18
985270 13
985278 6
985299 10
985326 16
985366 5
985367 1
985372 3
985408 19
985420 7
985430 8
985446 4
985447 1
985457 6
985462 2
985467 2
985481 8
985486 5
985495 8
985506 7
985514 5
985542 14
985547 5
985597 46
985609 5
985616 3
985629 4
985635 1
985643 8
985679 25
985681 1
985690 1
985705 14
985722 6
985737 5
985790 27
985797 1
985798 1
985802 2
985828 19
985867 30
985870 2
985874 2
985880 5
985881 1
985884 3
985886 2
985892 3
985898 2
985920 2
985921 1
985923 2
985939 1
985961 12
985994 24
985999 4
986048 16
986061 9
986099 2
986101 1
986103 2
986115 5
986135 3
986136 1
986144 7
986154 8
986162 3
986220 32
986244 8
986254 1
986269 12
986272 2
986273 1
986303 11
986334 18
986381 9
986386 5
986409 13
986417 3
986454 23
986455 1
986480 18
986481 1
986498 16
986499 1
986509 1
986521 2
986526 4
986545 5
986547 2
986551 2
986570 9
986580 4
986594 9
986596 1
986603 6
986623 19
986627 1
986642 8
986646 4
986657 3
986660 1
986668 4
986698 26
986705 2
986709 1
986730 12
986736 6
986740 4
986742 2
986749 5
986764 14
986768 4
986777 5
986811 6
986827 4
986834 1
986839 4
986848 5
986849 1
986856 2
986901 33
986915 11
986916 1
986924 4
986934 4
986991 39
987000 7
987040 28
987045 5
987048 3
987059 3
987068 5
987069 1
987097 23
987115 14
987118 3
987148 17
987169 19
987174 2
987179 5
987181 1
987204 8
987262 57
987276 6
987295 4
987297 1
987298 1
987317 17
987334 16
987375 29
987383 7
987404 9
987435 9
987452 4
987461 4
987464 3
987497 22
987517 15
987539 21
987587 2
987601 6
987615 6
987634 4
987638 4
987644 6
987660 12
987671 7
987682 2
987687 5
987693 5
987694 1
987703 5
987718 15
987727 6
987735 1
987760 24
987765 1
987776 6
987780 3
987783 1
987830 37
987838 8
987850 7
987852 1
987860 5
987864 4
987873 1
987883 7
987899 11
987909 2
987921 6
987945 11
987951 1
987986 15
987988 1
987990 2
987991 1
987992 1
988006 14
988010 2
988030 4
988037 5
988051 5
988079 10
988083 4
988084 1
988087 1
988097 2
988114 5
988121 7
988140 16
988147 3
988156 9
988208 34
988220 3
988221 1
988225 4
988229 2
988246 7
988272 20
988284 8
988289 2
988305 4
988309 4
988320 6
988344 13
988349 5
988352 1
988355 2
988368 2
988383 4
988391 4
988401 7
988422 16
988450 16
988455 3
988475 18
988480 5
988486 3
988498 12
988523 24
988539 3
988549 7
988555 2
988563 1
988564 1
988569 4
988595 10
988604 6
988638 6
988639 1
988645 6
988649 4
988686 18
988688 2
988700 9
988701 1
988717 9
988736 2
988747 7
988759 1
988777 13
988781 1
988788 7
988793 1
988830 28
988856 16
988857 1
988882 2
988916 5
988927 4
988947 3
988955 1
988965 4
988969 1
988979 10
988985 3
988991 4
989045 39
989046 1
989060 14
989061 1
989062 1
989067 4
989084 16
989115 29
989136 10
989191 17
989201 7
989205 2
989227 8
989229 2
989234 4
989237 1
989241 2
989252 6
989278 20
989289 4
989313 7
989331 4
989357 15
989362 1
989363 1
989404 41
989408 4
989426 8
989458 5
989461 3
989469 1
989480 8
989525 19
989527 1
989542 3
989552 3
989574 12
989589 5
989590 1
989637 35
989647 1
989681 18
989685 2
989687 1
989747 38
989759 8
989779 16
989812 13
989813 1
989816 1
989824 7
989828 3
989829 1
989831 1
989852 11
989864 3
989873 7
989890 10
989892 2
989899 4
989902 3
989904 2
989905 1
989975 46
990007 13
990013 1
990023 7
990037 6
990040 3
990084 27
990109 2
990112 2
990116 3
990121 5
990126 1
990141 14
990149 6
990155 1
990168 1
990177 3
990181 1
990209 19
990214 3
990239 20
990241 1
990243 2
990254 10
990271 9
990273 1
990295 12
990321 15
990332 10
990358 8
990374 9
990388 9
990389 1
990404 3
990405 1
990434 21
990457 21
990467 5
990488 8
990491 3
990492 1
990519 6
990531 3
990540 4
990547 3
990556 6
990598 8
990619 7
990621 1
990622 1
990635 5
990638 3
990641 2
990671 4
990682 5
990730 10
990740 3
990752 2
990755 1
990789 28
990790 1
990794 3
990802 5
990806 4
990830 13
990841 7
990860 10
990871 11
990882 4
990888 6
990912 22
990917 2
990921 3
990928 1
990945 5
990947 1
990979 3
990981 2
990986 1
990989 3
991017 21
991031 5
991044 5
991045 1
991103 45
991110 5
991113 1
991114 1
991121 7
991125 4
991161 23
991190 9
991211 1
991212 1
991251 34
991252 1
991255 2
991274 16
991299 10
991306 1
991313 3
991314 1
991362 27
991364 1
991368 4
991381 1
991383 2
991399 9
991404 4
991414 1
991443 2
991448 5
991451 1
991478 2
991505 13
991548 31
991555 4
991569 4
991585 4
991602 9
991614 1
991620 1
991638 8
991660 19
991675 2
991704 8
991713 8
991727 12
991747 14
991755 1
991775 7
991776 1
991778 2
991780 1
991824 26
991838 9
991839 1
991848 5
991852 4
991860 2
991861 1
991916 19
991922 3
991944 21
991951 2
991975 3
991980 1
991987 7
992000 13
992006 2
992011 4
992012 1
992064 40
992085 10
992123 25
992131 1
992136 5
992146 3
992162 7
992164 1
992170 4
992172 2
992182 10
992184 2
992204 12
992235 16
992248 11
992251 3
992257 6
992261 1
992285 21
992293 8
992296 1
992320 3
992322 2
992325 1
992350 7
992356 3
992365 2
992369 4
992393 6
992402 3
992419 2
992425 2
992442 6
992477 7
992481 3
992485 3
992502 14
992506 1
992553 46
992554 1
992559 3
992565 3
992574 9
992597 18
992619 18
992648 10
992652 2
992662 4
992663 1
992670 2
992693 10
992695 1
992698 1
992704 5
992705 1
992706 1
992726 19
992733 1
992739 5
992753 12
992762 7
992772 7
992773 1
992788 10
992799 10
992802 3
992808 2
992810 1
992819 7
992820 1
992823 1
992824 1
992854 4
992867 13
992876 9
992878 1
992884 5
992886 2
992927 10
992928 1
992939 9
992955 6
992957 1
992975 14
992999 7
993012 1
993014 2
993030 8
993037 4
993049 4
993059 10
993071 5
993101 12
993106 1
993119 5
993125 5
993135 5
993141 3
993150 1
993166 3
993171 2
993172 1
993177 5
993191 10
993199 1
993205 3
993207 1
993218 1
993223 1
993233 5
993268 29
993279 5
993284 2
993309 18
993323 1
993331 6
993338 6
993350 1
993365 12
993374 2
993402 23
993409 5
993421 7
993436 13
993439 1
993443 1
993446 3
993453 3
993458 1
993462 3
993479 14
993514 24
993515 1
993530 8
993551 9
993553 1
993572 12
993599 19
993603 4
993637 21
993650 4
993667 6
993668 1
993670 1
993685 9
993701 11
993706 5
993708 1
993716 1
993728 6
993740 5
993746 5
993756 1
993772 7
993789 1
993794 2
993798 1
993801 1
993804 1
993805 1
993809 2
993821 6
993823 1
993828 1
993831 2
993833 1
993835 2
993846 3
993868 10
993880 10
993889 6
993891 1
993899 4
993912 7
993918 4
993925 6
993926 1
993959 1
993961 1
993969 3
993973 1
993977 1
993990 7
994003 12
994025 3
994028 3
994041 2
994061 17
994089 28
994094 4
994096 1
994098 2
994111 9
994115 3
994117 2
994139 21
994146 6
994149 2
994161 3
994170 3
994171 1
994175 3
994195 9
994197 2
994205 5
994212 1
994215 1
994239 12
994243 4
994245 2
994249 1
994253 3
994284 24
994294 3
994295 1
994298 3
994302 1
994312 1
994318 1
994342 3
994343 1
994346 2
994348 2
994355 4
994356 1
994367 3
994396 5
994401 1
994402 1
994409 3
994418 4
994423 5
994433 1
994437 3
994452 10
994465 6
994467 1
994472 2
994477 1
994480 3
994491 11
994502 2
994519 16
994532 7
994539 7
994544 1
994570 9
994580 6
994607 12
994615 6
994617 2
994619 1
994627 6
994640 1
994651 9
994656 5
994666 10
994668 1
994681 3
994690 3
994693 3
994703 3
994720 6
994754 15
994761 4
994773 11
994781 2
994787 6
994814 20
994834 4
994839 5
994866 11
994879 11
994888 2
994890 2
994893 1
994917 11
994926 9
994950 3
994958 3
994959 1
994963 1
994966 2
994967 1
994980 11
994992 5
994994 2
994997 2
995004 6
995031 17
995038 2
995045 4
995060 4
995062 1
995066 2
995077 8
995084 3
995089 5
995092 3
995097 2
995108 5
995117 7
995133 14
995165 32
995207 37
995230 12
995231 1
995237 6
995250 9
995251 1
995264 7
995265 1
995290 12
995321 3
995323 2
995334 7
995368 14
995386 8
995395 5
995402 1
995427 5
995433 6
995441 3
995442 1
995465 13
995471 2
995481 10
995496 11
995512 9
995522 10
995534 7
995546 9
995564 16
995589 16
995654 35
995672 3
995678 3
995679 1
995682 2
995693 3
995705 3
995711 4
995717 2
995719 2
995720 1
995735 2
995739 3
995751 2
995756 2
995766 1
995774 7
995779 2
995789 7
995790 1
995791 1
995812 21
995824 2
995841 15
995860 5
995885 8
995888 2
995946 42
995947 1
995949 1
995954 2
995959 2
995964 4
995983 12
995997 2
996002 3
996009 2
996013 1
996024 3
996033 4
996034 1
996035 1
996042 4
996047 4
996074 26
996097 20
996101 4
996110 2
996112 1
996116 3
996149 26
996150 1
996158 2
996187 26
996204 5
996213 7
996224 8
996230 3
996238 1
996240 2
996250 5
996254 2
996262 3
996267 5
996280 5
996289 1
996298 3
996299 1
996304 2
996306 2
996316 6
996322 5
996323 1
996335 12
996357 8
996403 43
996405 1
996411 5
996416 5
996418 1
996429 4
996444 2
996448 3
996458 5
996460 2
996474 2
996492 17
996530 25
996537 7
996540 3
996556 14
996557 1
996569 4
996577 5
996578 1
996581 3
996598 10
996611 13
996612 1
996615 1
996627 10
996629 2
996634 4
996639 5
996640 1
996648 8
996649 1
996654 4
996670 9
996673 3
996675 2
996688 2
996691 2
996695 4
996707 12
996730 20
996731 1
996740 1
996760 20
996761 1
996763 1
996764 1
996780 16
996793 1
996797 2
996798 1
996801 2
996816 10
996822 4
996830 7
996841 10
996848 5
996859 1
996867 1
996871 3
996878 6
996889 6
996912 21
996922 6
996928 4
996929 1
996942 1
996947 1
996948 1
996949 1
996952 3
996954 1
996960 4
996978 1
997003 10
997017 10
997019 2
997039 20
997046 2
997047 1
997064 9
997070 2
997073 1
997074 1
997079 2
997080 1
997086 4
997096 5
997112 8
997120 7
997144 23
997151 2
997160 8
997164 4
997169 1
997192 22
997197 3
997201 2
997220 5
997230 1
997233 3
997234 1
997241 2
997250 8
997256 3
997265 1
997269 1
997270 1
997274 1
997296 16
997305 7
997311 2
997316 4
997320 4
997326 1
997334 8
997341 6
997350 8
997358 3
997383 11
997384 1
997395 9
997396 1
997401 3
997404 3
997410 5
997439 10
997453 11
997458 3
997465 5
997466 1
997487 21
997494 7
997521 19
997529 8
997530 1
997531 1
997532 1
997543 11
997544 1
997545 1
997562 3
997579 12
997580 1
997591 1
997595 4
997600 1
997630 29
997638 2
997641 1
997651 2
997664 8
997670 2
997673 2
997676 2
997689 11
997692 3
997697 1
997726 11
997738 8
997742 3
997744 2
997746 2
997748 2
997761 13
997762 1
997769 2
997776 6
997797 12
997825 4
997837 11
997859 4
997860 1
997866 3
997871 3
997883 5
997886 3
997894 2
997897 2
997901 1
997907 2
997908 1
997911 1
997920 3
997932 6
997933 1
997935 2
997946 7
997947 1
997954 2
997963 5
997967 2
997968 1
997979 5
997985 4
997988 1
997990 1
998019 6
998049 23
998057 3
998058 1
998063 5
998071 5
998076 5
998090 5
998098 3
998116 9
998120 3
998130 2
998148 16
998158 6
998177 3
998206 25
998233 6
998302 9
998319 14
998322 3
998337 11
998381 39
998382 1
998387 2
998404 5
998412 1
998416 2
998423 2
998449 1
998451 2
998460 6
998463 3
998476 3
998494 13
998512 10
998525 5
998533 8
998558 19
998559 1
998563 3
998564 1
998579 10
998593 5
998597 1
998611 5
998617 5
998618 1
998621 2
998624 1
998641 13
998643 2
998645 2
998653 6
998655 1
998663 7
998711 24
998743 18
998757 4
998764 7
998769 4
998798 23
998803 1
998804 1
998806 1
998807 1
998811 1
998815 4
998818 1
998823 2
998827 2
998836 4
998838 1
998845 2
998846 1
998852 6
998862 8
998864 1
998866 1
998878 5
998886 5
998887 1
998907 13
998914 7
998916 2
998917 1
998937 14
998943 3
998948 4
998949 1
998961 11
998966 5
998980 14
998981 1
998989 7
998996 1
999019 3
999037 12
999038 1
999044 4
999054 2
999071 15
999092 14
999111 9
999139 22
999143 3
999145 1
999156 10
999179 13
999224 14
999226 2
999236 1
999246 5
999268 20
999277 3
999285 3
999296 6
999297 1
999299 1
999307 5
999310 2
999311 1
999312 1
999316 3
999323 7
999326 1
999355 14
999357 2
999363 4
999367 2
999370 1
999380 1
999381 1
999382 1
999384 1
999388 3
999390 1
999394 2
999396 1
999412 8
999413 1
999414 1
999416 1
999434 14
999439 2
999442 2
999476 13
999482 1
999483 1
999503 7
999511 4
999530 1
999537 2
999540 1
999544 2
999546 1
999573 6
999578 3
999581 2
999585 1
999606 5
999609 2
999610 1
999613 3
999617 3
999619 1
999635 8
999645 6
999658 2
999660 1
999667 7
999685 12
999695 8
999702 7
999722 10
999725 1
999726 1
999730 1
999739 4
999750 7
999758 5
999777 9
999784 2
999794 3
999797 1
999799 2
999803 2
999808 1
999812 4
999813 1
999823 4
999830 1
999836 6
999839 3
999843 3
999849 6
999850 1
999857 6
999863 6
999876 3
999878 2
999881 2
999894 8
999895 1
999900 5
999907 7
999912 2
999914 1
999927 8
999931 4
999935 4
999942 6
999953 1
999954 1
999978 9
999990 4
999996 2
999998 2
1000000 1
