316 1
91 
3091 
2031 
3285 
1113 
979 
3163 
787 
1003 
1625 
849 
2621 
689 
2293 
3339 
2337 
2321 
2183 
2215 
1675 
379 
3049 
1467 
1451 
95 
2911 
3009 
3395 
613 
2975 
1161 
2647 
2041 
921 
669 
1947 
2569 
2147 
733 
1751 
51 
3221 
3281 
3265 
59 
327 
2737 
1559 
2931 
2411 
2395 
1393 
1023 
649 
1153 
495 
497 
2105 
523 
153 
1983 
1849 
1829 
91 
3091 
2031 
3285 
1113 
979 
3163 
787 
1003 
1625 
849 
2621 
689 
2293 
3339 
2337 
2321 
2183 
2215 
1675 
379 
3049 
1467 
1451 
95 
2911 
3009 
3395 
613 
2975 
1161 
2647 
2041 
921 
669 
1947 
2569 
2147 
733 
1751 
51 
3221 
3281 
3265 
59 
327 
2737 
1559 
2931 
2411 
2395 
1393 
1023 
649 
1153 
495 
497 
2105 
523 
153 
1983 
1849 
1829 
91 
3091 
2031 
3285 
1113 
979 
3163 
787 
1003 
1625 
849 
2621 
689 
2293 
3339 
2337 
2321 
2183 
2215 
1675 
379 
3049 
1467 
1451 
95 
2911 
3009 
3395 
613 
2975 
1161 
2647 
2041 
921 
669 
1947 
2569 
2147 
733 
1751 
51 
3221 
3281 
3265 
59 
327 
2737 
1559 
2931 
2411 
2395 
1393 
1023 
649 
1153 
495 
497 
2105 
523 
153 
1983 
1849 
1829 
91 
3091 
2031 
3285 
1113 
979 
3163 
787 
1003 
1625 
849 
2621 
689 
2293 
3339 
2337 
2321 
2183 
2215 
1675 
379 
3049 
1467 
1451 
95 
2911 
3009 
3395 
613 
2975 
1161 
2647 
2041 
921 
669 
1947 
2569 
2147 
733 
1751 
51 
3221 
3281 
3265 
59 
327 
2737 
1559 
2931 
2411 
2395 
1393 
1023 
649 
1153 
495 
497 
2105 
523 
153 
1983 
1849 
1829 
91 
3091 
2031 
3285 
1113 
979 
3163 
787 
1003 
1625 
849 
2621 
689 
2293 
3339 
2337 
2321 
2183 
2215 
1675 
379 
3049 
1467 
1451 
95 
2911 
3009 
3395 
613 
2975 
1161 
2647 
2041 
921 
669 
1947 
2569 
2147 
733 
1751 
51 
3221 
3281 
3265 
59 
327 
2737 
1559 
2931 
2411 
2395 
1393 
1023 
649 
1153 
495 
497 
2105 
523 
153 
1983 
1849 
1829 
91 
