56
163609681 13375
505305441 2202
25452025 2586
411481225 30866
201601 27703
745890721 1571
313148416 4682
20839225 3533
543356100 23807
446096641 5800
508637809 13894
16120225 21846
318194244 19438
74701449 23350
603832329 22646
379197729 17882
503149761 28192
124768900 700
490179600 30790
674041 31532
377758096 26353
4756761 15501
304014096 14504
34035556 28865
405941904 22150
743434756 15074
210772324 30352
363169249 19507
57653649 30789
284630641 17750
26132544 28534
422097025 14271
952895161 20823
161849284 23400
58507201 30679
91011600 19654
627001600 28461
463497841 26365
811566144 16819
251634769 3664
143496441 13816
409171984 32475
117462244 13072
514089 29572
716151121 16175
209583529 14639
600625 19575
53890281 561
23716 18445
373842225 3591
36747844 8050
19918369 31049
229946896 12305
763748496 18905
42380100 21780
153437769 2912
