66
150503824 1431
848731689 378
283080625 11923
132319009 14865
185695129 27259
753118249 2452
3236401 5723
566963721 18451
170276401 29299
684293281 7279
11971600 26171
627953481 119
332916516 17828
640191204 20561
407716864 31649
300918409 26908
1648656 15846
51796809 6867
925133056 11759
778577409 29044
22071204 2885
45616516 6498
5973136 23293
1368900 25352
498271684 10369
483428169 10688
45387169 17299
514699969 8691
233784100 8078
726194704 21121
20939776 14319
518199696 15715
926532721 7701
462981289 31631
1630729 5189
73034116 20507
777573225 23025
390181009 30374
47568609 3386
27699169 12532
58125376 17843
91718929 22488
1067089 19560
2471184 29527
83594449 5407
220433409 7690
441 23773
904265041 14276
283181584 4524
928238089 11125
895804900 26524
507600900 19534
292681 16136
735602884 3622
28569025 16410
880071556 7453
667188900 20369
657512164 6271
29822521 16578
362255089 29931
60528400 26845
135280161 18868
899580049 30578
21949225 3463
677404729 14388
324900625 1614
