73
994009 4392
137428729 21007
609053041 18148
31899904 15120
1771561 26963
757955961 13961
4511376 17339
661466961 6551
293505424 193
58874929 30110
2735716 23432
39942400 29325
57699216 27677
649485225 7779
794901636 4883
721083609 22002
398162116 18538
20684304 10978
625500100 20918
173949721 27386
33582025 9084
625 11419
11363641 29152
396248836 1165
3709476 13437
341030089 18687
155550784 8597
630411664 1480
417058084 25706
517244049 1523
229249881 4843
587771536 5755
69006249 9875
270832849 26195
887861209 31887
883872900 10153
62995969 8479
344807761 22124
205893801 27198
83156161 18444
705805489 9605
6130576 26753
267060964 23885
575424144 18574
69239041 30996
17397241 24903
442225 15650
155176849 12497
47087044 28011
26224641 5225
4631104 6072
3265249 935
2941225 18690
251444449 4356
20866624 12830
915849169 21403
184715281 32672
904401 7724
908178496 26873
54066609 10086
740112025 15074
936849664 1894
440244324 24830
18783556 11899
272019049 12986
758506681 14636
161467849 1913
597166969 17788
44769481 21998
373455625 11628
334670436 25288
43270084 19138
89075844 17045
