6618
416282409 25114
438064900 1571
199289689 28954
912160804 16907
183927844 24892
792309904 28994
19333609 349
39803481 21555
167469481 25823
87198244 26087
474324841 4264
38688400 4390
982634409 31085
716579361 16608
348680929 14128
775901025 20428
383141476 4615
352500625 6991
397563721 19488
72165025 15775
181629529 19714
86415616 13096
97337956 4629
399400225 28463
528724036 2149
707347216 9141
394022500 13219
86118400 16542
555686329 18029
680062084 28178
555262096 4046
3356224 1572
296666176 25097
190633249 20913
3600 22162
200845584 3211
264196 4958
105698961 29911
944784 30044
11182336 27060
789048100 17476
335182864 23838
635040000 21391
290907136 7441
6574096 13510
769563081 14321
827597824 24320
409293361 41
6969600 28583
590781636 29459
18601969 26746
423742225 1816
98664489 3800
6426225 9496
77284 20539
2802276 20747
687540841 20483
241989136 17897
39100009 629
570827664 2248
231361 30979
562500 14148
549714916 17357
3519376 5412
233692369 3177
818875456 7483
324612289 19935
106110601 6539
8814961 19960
251476164 1713
717489796 15289
15531481 18045
324 5930
89927289 26080
946362169 18012
335241 31243
872788849 31657
426409 22741
933241401 20798
34562641 12381
188567824 15831
941323761 16881
757185289 18122
61999876 17455
369523729 4935
53963716 12394
82682649 17630
69388900 32592
226743364 14657
283316224 6345
13417569 6476
646735761 31522
781090704 22850
294705889 23914
72556324 3674
5130225 20764
45158400 15738
744034729 9983
407272761 1858
204575809 6987
343731600 21836
636653824 3341
10949481 27826
494662081 17612
540655504 2513
207734569 3693
757570576 26957
489958225 10836
150136009 25174
798514564 22988
228614400 30249
9241600 2729
416241604 30937
64208169 26156
294740224 14159
49505296 18214
119836809 16015
150651076 23392
4752400 10302
871548484 29755
712302721 4193
21464689 19092
87011584 6248
479566201 14826
308740041 7019
34456900 14019
117592336 30643
866066041 1099
1225 4476
435264769 27967
62331025 29433
30316036 1033
569967876 11673
5612161 11821
380689 24713
540004644 32483
146313216 2170
240250000 9477
437771929 31908
574564 28716
953883225 15627
171138724 12567
517016644 30209
184117761 31052
43388569 23788
69438889 32257
242393761 19017
31259281 8764
14876449 13553
494884516 27706
517335025 29339
32114889 27150
268238884 24995
5373124 18826
16892100 24586
24127744 10082
567392400 13245
56310016 22927
177875569 18458
777405924 14578
405176641 25776
16491721 11834
1089 16710
153462544 1543
172791025 6943
672209329 20559
5198400 12157
444155625 20226
801456100 16228
132871729 14313
289 160
968454400 19924
330330625 8202
26132544 5364
137780644 14598
526151844 9862
28879876 26192
3073009 26545
251920384 20473
55368481 10162
103684 23212
665949636 26934
204304 23606
606932496 23303
454073481 31045
284360769 17387
324972729 4208
232135696 26058
415792881 22136
216442944 7182
233845264 1998
578643025 14671
99540529 21333
428945521 26672
743598361 25192
203889841 4996
881080489 8735
734735236 6582
228795876 12750
182574144 20327
359747089 6863
311946244 5464
9072144 13698
3171961 1419
464273209 24465
26801329 31653
500685376 26489
55225 31895
488601 20806
56806369 16765
762532996 22685
11664 27078
364542649 21504
777405924 6294
154306084 23886
720707716 360
871135225 25481
37124649 10232
102400 2524
137381841 22368
907937424 30685
14040009 5249
588289 32527
783832009 4004
742235536 14763
1236544 22881
155401156 1696
47458321 24257
4524129 1752
361912576 28831
625950361 32701
215884249 23124
170511364 18172
1140624 19347
359747089 7048
94206436 6545
42328036 4067
929945025 7017
168688144 27033
854743696 9664
657922500 6669
816016356 27044
124925329 13431
410589169 15034
886252900 1326
289646361 153
444619396 11811
3470769 22385
159845449 27822
95062500 9200
106812225 27790
5597956 7782
715027600 19499
361 6439
970758649 13853
362404 1585
222129216 13298
339775489 14
456078736 7724
5368489 23036
43204329 19850
972628969 31564
6666724 29065
500819641 2568
537822481 12329
38962564 10456
422343601 29428
30813601 19494
419225625 1341
267649600 27265
567916561 26534
182088036 3135
985708816 31973
344733489 32359
78623689 29639
513384964 11470
336245569 4724
955551744 26495
27667600 18166
448465329 5984
588596121 8437
339591184 9747
565504 6340
133541136 7451
86436 18338
157527601 16448
743925625 30009
304711936 10036
937768129 7787
27709696 6774
37625956 22862
843321600 14199
19624900 14965
124947684 8188
129600 8050
322023025 14531
164403684 664
6959044 15209
875568100 15366
479259664 8075
838565764 21473
162766564 7980
175297600 18912
16128256 23126
333281536 30222
173923344 24068
191407225 26315
125395204 4672
397244761 24596
641963569 21385
659513761 24581
77774761 15223
10562500 19612
40119556 23714
886371984 11968
210859441 30143
519566436 7810
1476225 24588
401561521 17570
44702596 15599
301925376 5461
18481401 9945
826281 10309
725904 26993
39150049 20954
452370361 1263
472758049 25016
88209 197
746819584 10889
18301284 20869
351712516 14076
88096996 22015
191628649 20493
421111441 12201
461003841 14472
7064964 31301
8608356 16840
5041 9917
8122500 7621
38068900 32082
421686225 4686
27279729 2805
806276025 29074
12313081 32245
10086976 31717
875982409 13787
261145600 3777
8288641 2707
352876225 17675
60902416 3788
631466641 27800
123409881 20896
3481 29936
104571076 25464
548028100 15186
138485824 8746
38812900 22520
81812025 4197
439866729 20635
166642281 15439
909866896 21562
98942809 31084
97397161 25624
369664 29122
38081241 3588
580569025 21051
47059600 7132
765130921 5706
342953361 23636
130576329 14033
3348900 26868
131744484 16451
507015289 3424
607523904 5126
74028816 13276
760877056 22811
809800849 31503
879478336 24576
464574916 22791
302655609 32213
756140004 28542
622801936 8895
82319329 30044
594725769 12170
398122209 22909
1822500 20114
89226916 691
69689104 21475
222278281 20751
16072081 26783
2076481 17500
586220944 1440
1368900 27629
4173849 351
70140625 921
138062500 13588
424236409 25091
591170596 32031
93392896 7199
235438336 6311
261695329 497
19545241 11393
412617969 22680
214388164 27987
140707044 30092
529276036 13561
113614281 7972
460488681 1831
2524921 22107
892216900 18768
719258761 28115
286387929 12743
39000025 4634
836887041 12837
412902400 10029
566535204 24810
13307904 7994
26275876 9831
90478144 11946
363741184 12507
700713841 351
371756961 29660
246207481 21818
208369225 14072
4435236 7649
146918641 30621
11062276 5567
97081609 8758
511890625 24652
31640625 26263
440412196 8590
279391225 11163
840884004 12000
183738025 26123
349054489 15602
382828356 22210
561879616 12049
466905664 29711
885717121 27560
55800900 603
639584100 23047
19802500 8204
852756804 28004
89453764 18601
730404676 24863
152819044 4926
645007609 2635
9102289 12290
634737636 25193
1008016 26935
622602304 12150
541446361 11090
349951849 27945
354531241 22620
2496400 23414
198979236 27288
164172969 22102
509766084 10854
26896 23242
123365449 31591
724201921 23837
2653641 1250
241678116 21610
743044 14694
66406201 8031
641355625 433
41912676 9792
189640441 3793
126810121 24111
644296689 6025
142969849 4522
592289569 1270
486555364 4693
90649441 21106
91527489 14330
375778225 9401
206928225 20686
290634304 23627
52070656 26358
23512801 10001
125059489 32585
169078009 21826
63345681 13656
277222500 30088
344510721 22699
248819076 31839
135745801 28494
21178404 31422
871017169 16781
332929 10234
428986944 21243
234763684 17127
11236 27833
872611600 3648
296390656 7412
353176849 27721
379743169 20400
96904336 23986
92313664 25796
1345600 26559
93470224 26406
523174129 9638
323388289 18793
832899600 2361
845413776 19332
372219849 3780
942367204 28117
481188096 26681
57078025 5478
8168164 25482
936972100 17774
527161600 4183
8369449 4635
522762496 26825
645769744 12430
127938721 446
14630625 18472
46922500 1574
273174784 26884
270569601 428
182329 19396
546858225 16026
23765625 16017
35070084 15094
359595369 25437
607918336 30961
514089 9067
46635241 11907
201015684 31762
366454449 6223
23541904 2238
4084441 29644
24108100 28215
361304064 25766
710489025 2854
728568064 18786
2585664 4565
593263449 17218
62773929 28470
76160529 30056
863360689 8999
134189056 16189
167806116 28148
3474496 30228
636149284 30493
582208641 25099
870427009 20826
8785296 562
2082249 32733
26822041 23536
10361961 24791
962550625 22946
276956164 8509
766569969 31876
52461049 7628
239661361 26069
386358336 21835
17572864 31542
514745344 20496
255264529 10836
640697344 8389
544475556 4038
328551876 25196
410427081 1337
250000 22433
5433561 23242
164025 3871
68890000 16307
92275236 12678
4489 7722
16216729 23644
421357729 28294
432515209 11857
9597604 17828
364046400 26823
577600 8841
447111025 19089
776736900 16200
465523776 2043
13734436 26918
482944576 1035
56205009 9213
62173225 12039
177449041 7390
821911561 11831
756580036 12282
240100 12524
752130625 1475
246333025 5826
3059001 2894
629056561 19233
234855625 18940
16451136 31242
79441569 25177
686335204 528
112890625 11844
138086001 18340
111070521 20049
267453316 19862
132365025 9835
69472225 14041
67081 3518
1038361 5511
261889489 13780
21585316 11044
368332864 3325
77284 32295
881852416 8181
242051364 26806
828000625 16065
374809600 1202
85525504 26842
719902561 6387
724794084 17549
307406089 27605
105062500 9634
997738569 7923
467597376 26428
41460721 30770
77316849 7424
28654609 15362
3143529 24441
21609 31968
534256996 14267
264615289 1055
132917841 28231
493772841 14313
95863681 16687
136983616 8833
305809 17787
17347225 32458
685025929 30666
4884100 28173
82944 16445
649077529 15095
13653025 28048
406465921 19937
389628121 27530
321951249 13909
282273601 14488
288116676 28109
26512201 24245
585494809 14269
4096 29580
705911761 17108
752075776 25569
7767369 28543
383024041 3629
27405225 24496
635594521 28808
932141961 13277
73017025 28108
10791225 6475
25989604 28152
305200900 3468
71081761 24018
171898321 31559
312476329 20945
247432900 5175
27846729 20537
322633444 3190
43956900 1672
67076100 6908
649740100 28177
144744961 25442
500282689 9191
837292096 11500
55457809 30716
607819716 2759
189392644 30602
658179025 22927
23912100 30386
306950400 13845
296356225 23908
443102500 20830
1430416 15230
236052496 17903
489382884 26680
262148481 21063
513430281 12479
129367876 7342
18335524 23072
844018704 25645
701667121 31336
60264169 17118
837465721 27913
36699364 25958
496532089 26240
766071684 23487
914276169 27445
1046529 26427
976144 11683
16129 27077
430770025 6072
558329641 23146
28561 895
89245809 25369
104611984 26364
56190016 2983
7139584 30552
604618921 5654
711235561 1854
465092356 28695
415956025 9348
660901264 24013
110439081 14606
126787600 16852
794056041 13039
14273284 9858
60093504 30674
804856900 27757
298494729 10137
890544964 16941
45873529 29251
55413136 18787
176411524 1299
455625 3322
73822464 21230
25200400 11436
986049 15366
124010496 25032
8625969 22709
287845156 16691
296184100 27563
94439524 24237
194295721 16204
858431401 13654
333427600 29268
232745536 31089
355473316 30653
57138481 14183
189145009 19938
100922116 25615
3798601 12516
456078736 16940
61277584 19533
806404 16696
155950144 12275
157653136 14688
100841764 3104
351712516 10447
912221209 30959
693268900 22063
308564356 19705
580665409 31853
990297961 18225
412008804 25533
2247001 4109
170615844 3039
718776100 21991
29822521 19360
802815556 2210
860776921 2467
17589636 30864
749773924 29281
629056561 23699
266832225 20335
56190016 899
416119201 25600
52330756 13520
1227664 29354
504047401 1129
695535129 20589
253510084 7644
410386564 10481
932935936 19134
591413761 22543
696432100 14413
293711044 31891
2117025 16468
690796089 10304
596189889 14671
28259856 20757
427414276 4560
181306225 26575
453178944 15137
45508516 14255
784056001 10027
56535361 29565
53758224 23958
718829721 5069
356756544 27698
221027689 27265
61779600 13974
474721 3983
420373009 26887
62283664 2821
146918641 4763
35545444 24650
40360609 10909
72471169 24230
21752896 1332
423166041 23300
134861769 31552
144769024 14071
632025 18821
157151296 22780
537126976 27403
178730161 31231
424030464 29380
1042441 27680
23677956 10352
21455424 16054
2190400 27838
537173329 25492
627652809 10420
91221601 14732
96393124 19536
45995524 8242
779582241 8304
561547809 30946
935748100 28655
55145476 14597
4169764 19473
592630336 29071
545035716 28705
566868481 28620
482944576 2136
295289856 23389
225000000 24577
188677696 30078
40000 15067
466992100 23946
13924 23999
156825529 32448
680322889 2690
746491684 2887
83557881 29469
681836544 10352
27594009 26635
423083761 12348
284461956 17907
707240836 11294
1050625 26247
209786256 27905
355850496 6316
301369600 25741
53406864 25563
323208484 9126
187251856 6855
16345849 8758
185749641 320
76352644 13357
480793329 2391
5433561 20422
97456384 27587
74149321 2315
123476544 8067
292375801 26267
777127129 29893
164025 29611
451137600 22279
657409600 13131
542657025 31356
32901696 22762
481636 30897
932325156 27165
561026596 8304
413634244 11676
906304 31973
334853401 2957
344659225 22527
831226561 17158
638067600 15385
418202500 6349
302342544 14554
64464841 25442
45481536 28505
219306481 6207
177608929 10629
663371536 15966
203404644 197
757515529 27132
278155684 22491
296976289 9629
193794241 11278
96020401 27728
719687929 392
590927481 6452
491375889 28413
186240609 28731
69205761 3213
163916809 9262
3904576 18924
127103076 32241
4347225 28608
467813641 2313
639634681 20554
181791289 26971
129891609 27465
445041216 15926
183873600 2331
802475584 13972
528356196 4390
21939856 15005
44502241 8054
569633689 20077
407044 7591
375623161 4631
99680256 25350
680375056 746
50112241 8179
12306064 25075
86731969 6282
590149849 25538
378964089 29314
477641025 3441
518199696 6740
137288089 25315
439740900 928
179238544 19018
655206409 18637
909504964 18668
235100889 28145
3305124 32038
105349696 19184
491021281 31153
34656769 24807
235223569 26148
315453121 7883
223143844 2234
158155776 22861
109432521 7510
85581001 31233
182547121 7620
758396521 10688
860952964 24386
15319396 31307
839550625 10559
57153600 21296
534361 10594
590295616 9714
158608836 26830
2832489 11620
14280841 9893
168480400 15446
544989025 15306
431808400 24435
135908964 27628
240064036 22122
40411449 18368
90573289 10316
753424 1165
47279376 22325
2002225 27886
362178961 30511
624550081 20180
297252081 11347
778019449 2762
540330025 21554
219810276 10365
195364 24179
42863209 5243
2047761 6333
340291809 27451
764246025 29143
171086400 30046
618218496 30733
14432401 14644
113486409 5846
132641289 17794
395850816 22453
359443681 6530
841522081 10845
312052225 20012
709902736 30744
897541681 25780
530058529 1641
20430400 24148
9102289 27888
617621904 331
68973025 8847
70140625 28454
679540624 26059
555356356 28734
394384 1141
93276964 6274
34916281 18057
692900329 10614
108680625 86
209149444 21884
692689761 4063
3600 18515
74235456 18818
83010321 6365
1747684 6103
671846400 2085
761318464 21211
292923225 12704
575328196 4686
85951441 4275
17372224 32601
850130649 32630
972753721 26996
689482564 4792
393387556 8839
7333264 30531
872847936 26191
12404484 13408
433389124 20740
874798929 30622
930189001 10553
314140176 19920
1008016 259
257409936 27989
497468416 29277
110019121 30108
629558281 31435
503508721 18406
134931456 14910
12100 23886
701720100 6456
289034001 15879
13351716 6704
802928896 32230
6345361 23096
731432025 25120
369639076 1245
907636129 5204
292102281 16207
210681 1740
307756849 20162
150896656 28160
118635664 32275
618616384 29531
389746564 1711
574608841 1346
78623689 177
122058304 26707
50708641 7754
684502569 28138
17023876 13926
164352400 29674
403527744 25228
811224324 4538
95707089 13318
126585001 5773
40804 17475
555025 15591
275128569 9337
561453025 14173
512886609 28814
323568144 31388
407555344 2361
462035025 26796
661158369 14693
268042384 16758
389154529 19158
243765769 31876
168117156 19982
142396489 28681
421357729 6514
233753521 26913
212022721 17321
813390400 6489
65674816 7493
554932249 32114
169286121 28069
889590276 8546
604569744 30489
16760836 26012
27688644 1608
374577316 10641
394340164 4303
256288081 32631
11142244 10027
179962225 19785
2829124 15833
626801296 32527
39790864 4539
331531264 11871
682411129 11198
188925025 25380
83064996 18362
121220100 20894
794619721 8858
918756721 14762
240374016 29628
564442564 19268
290327521 5531
144000000 13386
496665796 8619
1830609 15234
172396900 900
35652841 3295
58967041 18243
600544036 6912
494439696 10029
913936 14842
486996624 7318
153735201 22359
183819364 30722
633780625 29535
428614209 17545
370793536 16278
56644 31360
360430225 1669
794394225 17749
115132900 16573
658538244 24763
42497361 31514
146991376 20743
23319241 29253
519247369 31450
86359849 1916
531256401 24065
413512225 29334
27531009 30617
866242624 21825
114982729 3959
859134721 5007
165649 29895
17952169 5553
25100100 28146
144456361 22274
371949796 24518
727704576 26183
35070084 28625
253510084 15156
934402624 9741
217061289 1331
78021889 20931
492218596 22370
18113536 13737
8584900 21978
1058841 16205
165791376 18487
622352809 19895
322956841 13653
777015625 19274
89927289 27735
255808036 7916
380601081 7918
908209 14439
297528001 28888
616032400 15374
113614281 8358
3229209 4515
40271716 11715
432681601 23160
450670441 8114
1125721 4821
796932900 21143
621804096 25242
870663049 27897
779689 24869
70744921 25286
202379076 20598
369831361 10647
3721041 5009
4264225 566
716365225 25636
61842496 31582
294019609 2922
770839696 4545
77053284 8783
181063936 4431
72437121 7381
13003236 7094
686806849 9398
654080625 30757
308986084 1867
228432996 4182
468203044 15020
172265625 16075
40883236 15897
911194596 21080
1710864 22937
3168400 27361
909444649 224
128731716 4965
876337609 23926
597851401 15675
431600625 17430
227529 156
963543681 6485
106275481 18018
246016 27012
17313921 16143
498807556 14294
31181056 19217
22316176 18630
984829924 14405
435723876 27571
27520516 30905
79727041 1997
198584464 14006
521528569 28725
329749281 27134
552297001 17248
125933284 21074
329930896 22973
27594009 31543
832034025 1943
278222400 11514
92833225 13884
338817649 28402
166281025 6239
3912484 32517
10634121 32187
247842049 25197
161417025 2553
811680100 29628
7784100 21204
75690000 4638
845588241 10619
11229201 21983
68724100 4918
275294464 28205
117180625 13645
857669796 3102
355058649 14374
638421289 32501
48260809 26029
23668225 26017
43020481 1784
236852100 6534
785120400 17708
233570089 13952
663526081 4506
761815201 25637
99341089 22830
40309801 17483
982509025 1802
5673924 10955
127870864 6766
384944400 644
837697249 21467
297321049 930
453178944 15736
31899904 7968
833569 4788
13808656 17291
2169729 19245
3150625 24329
685654225 19665
649995025 17051
885419536 2370
364962816 19103
793605241 2687
13118884 28825
504586369 12994
67081 10802
791634496 13220
7974976 14721
310534884 135
13912900 21130
709476496 16437
925619776 14852
12744900 453
265527025 16736
175774564 14527
10169721 17414
190357209 17536
76772644 2530
206180881 1759
173844225 13087
857786944 19984
168740100 4402
191434896 5577
62504836 4379
256704484 25508
461041 6887
82156096 17093
995718025 2682
238144 8892
513430281 9611
29030544 7596
136142224 13040
128777104 27053
81432576 5916
216590089 31088
73650724 6630
92467456 4130
84529636 14732
647448025 19602
105185536 12023
863772100 28565
743816529 1856
85266756 25002
680844649 30324
148571721 15322
341288676 18324
911858809 22498
441798361 3552
11236 11156
477553609 31573
930311001 29563
306320004 117
630436 28862
4972900 6470
176199076 15942
25512601 27549
942244416 291
570588769 6812
58564 30764
311910921 29562
654080625 12006
5631129 22402
687645729 22440
351150121 1887
133471809 4348
304956369 13206
44182609 6727
380406016 30292
807355396 15277
58155876 6762
5692996 25903
23755876 21398
342472036 18710
657358321 19460
896164096 30101
744853264 11028
249513616 12714
45954841 31070
45603009 8517
94711824 1524
128663649 29868
1016064 12518
805367641 10014
133564249 16140
379314576 4278
83997225 6911
732405969 20371
48302500 10089
288660100 19510
18318400 1663
590878864 23851
777796321 31435
306810256 19948
564001 17711
732135364 19714
265983481 9255
357739396 1389
46936201 22606
691532209 26438
64593369 21028
411968209 25507
596531776 27918
763876 8123
671328100 23454
107702884 25419
954253881 10517
284596900 17976
95355225 29734
648364369 24949
234763684 18173
422549136 1831
160149025 12416
222427396 17927
137311524 725
33097009 15368
63345681 23332
31764496 31803
41809156 22174
34351321 3055
798571081 6334
72318016 15132
188650225 1742
309126724 23554
179747649 23726
739676809 7693
570779881 32465
794225124 4092
534950641 11656
31270464 3394
464057764 32131
198330889 6828
769896009 14740
74356129 30277
59043856 4535
82555396 24183
941078329 15184
196868961 21618
672935481 26291
165173904 24018
971942976 11753
9678321 2427
844716096 24754
3182656 15304
574273296 20934
519566436 1510
135932281 2400
90916225 3194
8584900 253
503957601 16778
254625849 19553
225330121 30106
2941225 21468
504227025 1045
112126921 971
965531329 7919
53348416 5473
611622361 32137
8111104 21672
532900 29397
77422401 1986
658692225 11962
574417089 23413
630461881 11962
306810256 30951
136900 8658
407636100 10405
32398864 17313
657255769 9962
488542609 29389
101727396 3359
133333209 1699
3006756 29854
642419716 10237
274896400 14011
787812624 12649
460145401 28165
9216 23175
9480241 7369
22259524 12979
82464561 7384
382046116 12004
106296100 15498
26718561 20180
56385081 11523
723879025 7522
5419584 9653
1207801 4148
690743524 24870
863243161 2720
133333209 22260
931836676 1997
617025600 22294
343249729 12309
661004100 27236
879844 23982
955489921 7258
357096609 21642
100761444 4633
194044900 12667
760384 4782
117765904 21659
22801 25751
529092004 19179
140873161 9347
454627684 31546
804629956 31066
875272225 6729
192721 18813
485673444 10796
33108516 21839
29648025 2291
512252689 23284
811053441 21130
128822500 10073
79405921 6622
124211025 14452
39753025 15681
164506276 21709
130827844 23056
26286129 15421
126765081 9107
107578384 22005
536895241 8484
65318724 32707
30129121 6036
482724841 25233
676156009 8650
46416969 28719
31854736 15533
52490025 28242
81595089 19013
805537924 13020
32330596 20508
613156644 30045
65820769 29931
20784481 23002
4456321 370
52900 6350
339628041 26792
665856 26735
540934564 6932
532409476 2866
89794576 10619
548824329 10129
676 31419
601034256 19724
93354244 6391
744143841 19054
730080400 23028
282307204 14673
972005329 26307
680062084 25316
501625609 26273
78481881 25068
9604 20763
100942209 9737
587965504 11126
592192225 15419
129754881 13645
995844249 164
280194121 18556
647295364 7568
236667456 28733
1181569 31666
244203129 31633
22401289 1968
94012416 3810
22090000 28899
780364225 30950
238270096 17752
532778724 20166
407959204 3866
247464361 4992
86136961 22195
958212025 28298
59105344 12016
774954244 13752
37161216 11749
52258441 20063
458645056 30513
63409369 10683
28740321 15235
169546441 24718
572166400 20829
19600 12810
25921 19224
745781481 27121
111556 11817
935075241 29179
784056001 12194
122279364 4728
126675025 6652
696484881 9782
847333881 16403
67486225 17829
412861761 8562
301401 11577
14062500 9169
458645056 25360
432723204 1500
133726096 24533
95902849 28470
523082641 16100
6066369 16830
838623681 14766
285156 4113
4439449 29279
432265681 23888
351649 20927
732568356 2595
316982416 31830
67420521 4861
240343009 8916
351862564 930
593458321 12720
235776025 17383
857728369 9230
706549561 8633
913611076 32230
928055296 15457
864889281 12643
138886225 13574
958397764 29577
385641 18548
634586481 17435
66049 13852
141848100 11452
197655481 6235
5031049 31572
22335076 4607
422384704 31669
149499529 29959
174794841 29823
1056784 18090
182493081 27456
53597041 17563
110838784 29664
275892100 20364
6817321 3901
686073249 24305
116575209 23826
119836809 25094
71031184 9501
349839616 12819
1739761 31617
234947584 31214
320445801 1129
497025 14018
207763396 6894
247590225 13840
134745664 24379
20241001 13555
86211225 28654
13366336 1192
777852100 21186
400689 22605
404613225 20587
960876004 8169
2896804 18370
415874449 5293
178195801 15394
48385936 23162
589824 8978
410224516 23203
125664100 13604
540748516 15347
50268100 17949
157904356 7154
515744100 26709
791353161 28004
913671529 24417
13927824 8211
132710400 9712
824493796 30158
787307481 2803
4060225 10418
24964 10753
6563844 18088
798910225 17145
866772481 26159
57047809 13545
98565184 6236
600691081 8238
45279441 15390
62410000 29661
230918416 5831
60933636 27234
7628644 21960
3083536 14695
53758224 23996
3892729 30968
864477604 2729
102495376 1508
682254400 17794
23814400 25446
18003049 4848
48400 24580
821452921 32593
224676 440
153091129 3074
171269569 32078
488719449 473
633616 15629
230128900 19702
158404 15001
15108769 17852
120362841 12312
481934209 2842
665433616 25748
18740241 21007
66536649 6048
12816400 20077
134212225 20543
5336100 6365
53275401 4865
45616516 13859
190440000 17263
78127921 9123
666207721 13481
105616729 3364
97140736 11598
560032225 4053
429525625 25244
218448400 11917
323064676 11993
826390009 23383
705061809 1777
29975625 14894
580279921 29536
345774025 261
5373124 4178
299393809 6411
124657225 22793
3721041 25900
107744400 17024
57426084 20955
643586161 26958
55383364 4623
37503376 22220
763803769 11659
287946961 8570
790678161 17507
623500900 27807
28729600 11196
169130025 2864
5851561 18387
169885156 18931
544008976 18241
84100 9444
837292096 9085
498182400 27608
125664100 2722
5022081 6752
789104281 5746
282441636 26352
273529 29851
173106649 19777
931226256 25658
106048804 6131
258469929 11422
143304841 11639
116273089 29006
138603529 9260
463540900 1869
903783969 25032
405659881 12188
57592921 18938
98982601 23297
387302400 16462
808606096 23303
177528976 336
300640921 9286
506880196 5876
414736 1508
986399649 27701
5452225 31324
215884249 17405
11600836 30078
165071104 5957
678133681 21432
324432144 7805
26543104 20115
386869561 2606
99560484 6784
347971716 11998
318979600 4565
959884324 10292
502880625 4371
444366400 14172
943902729 26730
234549225 24749
139074849 1663
59382436 3209
43151761 16492
49280400 12165
8111104 23304
962361 15818
213160000 14698
526702500 28092
4498641 21672
977687824 3545
45859984 24804
255904009 29155
32661225 17290
110166016 15169
588596121 16083
859896976 163
125619264 30350
9891025 6373
219276864 12831
730674961 3382
788544 32712
95961616 30329
213335236 7463
566916100 18923
749609641 18688
286286400 22790
43599609 25149
488542609 2214
71673156 30771
324000000 875
150798400 12327
356605456 27486
306915361 9233
35760400 20183
560837124 7839
273505444 25758
439657024 22653
6635776 21328
25816561 6868
25725184 2052
171295744 27409
683665609 24623
888636100 9191
194602500 10949
566725636 8087
954624609 17569
782488729 22383
17589636 21543
459684 7312
196280100 26664
886550625 19957
713851524 32261
248661361 12209
816644929 13080
389272900 18296
591073344 9551
5267025 25185
16112196 18202
592240896 10218
957036096 10888
870368004 24125
859896976 1965
52591504 17330
215208900 582
80982001 8596
319229689 29344
942305809 31784
386436964 13749
437395396 1003
997485889 18584
769729536 11292
297528001 13076
514790721 2682
379743169 1424
21958596 25679
546390625 28214
429774361 3245
361570225 10581
328479376 30712
547934464 20739
281501284 10404
1030225 20486
628855929 22848
330625 31733
571210000 1972
188952516 6810
236196 17863
735765625 22171
443607844 29412
10857025 26457
366952336 17181
266668900 28697
101525776 14192
980190864 23138
980754489 27465
161798400 12197
123876900 23369
27941796 13860
158105476 2374
146143921 21772
877996161 8595
7941124 996
16491721 1409
65464281 18731
737013904 24357
101425041 3133
351975121 8796
127961344 15991
757900900 7949
616677889 8091
345402225 2222
47637604 8566
930067009 5898
910116 11968
709316689 9281
213306025 22851
764522500 27664
375700689 13120
200845584 20562
476068761 22542
508863364 18119
472714564 26628
444239929 21525
362940601 31641
492307344 14348
275294464 20938
332588169 12078
44863204 15804
641601 28015
145853929 6051
11730625 13881
35153041 13538
620508100 13747
128165041 11124
8767521 32579
66031876 25738
39765636 21842
170746489 17013
142491969 7759
714065284 24007
680740281 10998
269485056 7605
16613776 12754
486996624 12224
606538384 9216
879300409 8853
125708944 16183
728838009 10289
169052004 261
311451904 17224
105575625 24411
205807716 25576
760932225 27212
295014976 14170
120231225 15122
943534089 12105
535968801 21586
727273024 1061
270931600 22433
44249104 14026
379456 13382
25921 21853
440076484 13121
879537649 1911
859329 1165
21874329 9606
131125401 12707
991998016 24432
480574084 6463
743107600 13945
36493681 22630
15023376 20070
215707969 17576
120516484 23010
975750169 23459
466992100 9762
401956 19400
778131025 2501
22401289 31330
59923081 15102
227768464 10963
891261316 20724
243859456 11041
731161600 29801
60684100 10674
861011649 922
354757225 6228
705380481 11623
377408329 16513
497691481 18356
639078400 27872
39025009 25871
364351744 19470
178917376 28051
1085764 28831
890007889 16140
1020100 4704
153462544 6236
24025 29919
108722329 21533
443860624 5934
5202961 13959
42380100 4323
600348004 21140
63568729 16483
87478609 19043
85618009 11873
54538225 28378
20711601 19105
190357209 656
279926361 26114
97871449 9194
396169216 3515
792985600 8836
81198121 11237
101761 17362
280261081 4410
258116356 15111
652904704 19484
958583521 22581
1205604 28889
135443044 12982
762367321 14125
241180900 21196
319265424 4360
186158736 7812
722534400 7826
4704561 3552
373880896 9068
219276864 27188
467294689 24889
605061604 7377
1240996 31582
6002500 20705
5769604 18437
523174129 27794
17816841 12904
826907536 9591
757955961 4684
924160000 13355
54287424 7371
529322049 27447
57653649 21079
21058921 13621
888457249 3580
1232100 15926
339628041 6629
486378916 19554
680479396 27938
292033921 3038
804459769 30377
366952336 20979
54700816 6554
414651769 7020
517471504 16071
793267225 19007
18679684 8051
144889369 26224
2350089 11610
590392804 26163
859329 15346
75220929 16721
187525636 20209
38850289 21452
15992001 12815
103367889 21446
90601 15885
230402041 24223
327139569 28406
20097289 24926
785288529 12197
727650625 24658
607277449 32391
85618009 25081
384944400 20386
146845924 288
947654656 20438
367412224 27212
514563856 28003
1079521 18521
569204164 18860
529184016 25697
66129424 30779
241087729 31967
806503201 12036
612117081 6164
695429641 19438
459330624 21930
11195716 21391
10504081 920
68277169 19767
696696025 31301
30217009 8241
50424201 1008
836829184 22085
5035536 21327
863419456 26497
586463089 19830
345811216 29498
1512900 11003
227285776 2637
371988369 13400
3359889 28330
235653201 7568
572549184 27668
66977856 17686
174187204 11810
13068225 23018
635191209 14218
28547649 11525
288252484 24222
471280681 12791
209438784 29463
64320400 29391
764135449 28946
788149476 31547
25371369 25944
303108100 32496
25090081 26338
473671696 16204
550043209 18845
967085604 29754
244859904 28266
422549136 15447
117462244 21609
46648900 22611
26801329 20343
107993664 13721
538008025 2037
728892004 3122
391876 10188
899160196 5094
96884649 22701
71622369 5285
483384196 30622
909082801 22054
480837184 8626
39627025 13006
938196900 32279
264196 20947
38025 26966
905889604 19617
166255236 26071
779358889 17277
350737984 30116
798853696 9576
4946176 16750
244766025 12102
660130249 12501
54700816 26175
50523664 22500
41473600 4454
576048001 24027
613008081 30360
74770609 16690
6215049 24231
123743376 7386
440118441 9400
770229009 21190
145250704 21738
208051776 16298
299186209 7737
968256 23555
8696601 7073
435600 28247
483780025 14470
197374401 12990
579798241 13395
359557444 7073
41809156 2402
459684 4034
10771524 15132
409010176 18812
270306481 20321
31730689 15181
65367225 30506
68475625 7569
633830976 10860
752295184 2448
361342081 15168
979377025 17851
404291449 9282
118336 10035
3579664 5686
182358016 11403
787588096 2290
456762384 13775
291419041 21368
286184889 32197
182682256 3938
3034564 14450
24840256 19331
245862400 31456
105657841 20939
469718929 20511
3418801 1131
4765489 8074
781034809 5690
334085284 18507
18769 8791
12544 5666
781817521 26384
769729536 29538
8271376 10243
84235684 31804
4280761 31619
45941284 22335
870489 1854
15295921 30496
489161689 28700
345290724 10679
886907961 362
142181776 6219
30625 20279
883694529 7439
330076224 22526
284192164 4588
8608356 27014
36192256 31873
741636289 19719
501401664 15209
919908900 32398
155201764 6332
11102224 29602
537590596 26072
22363441 13608
502566724 1121
701879049 20612
160909225 134
115949824 25601
664453729 8326
34751025 19059
772617616 3443
66015625 10779
102313225 31031
4218916 27338
1096209 26068
68757264 22345
132894784 29168
829324804 28153
101082916 20112
679175721 9399
32512804 16932
537915249 9218
46376100 23748
5475600 15712
690561 16825
261307225 8445
96138025 10815
674700625 5782
867773764 1417
151462249 15765
28526281 23046
6864400 6270
931714576 19427
23590449 26505
281635524 27857
250145856 5777
56460196 14600
758286369 16940
197486809 25995
16459249 6172
126945289 25518
192654400 5862
568965609 15830
18225 28864
471584656 12673
445378816 5552
212605561 10886
52881984 10483
990360900 925
222784 26012
217149696 12321
761870404 13949
5861241 13077
558329641 1354
36421225 1894
39627025 1276
531671364 23919
35153041 31604
297321049 20930
693848281 20065
123698884 294
597529 22371
649077529 7644
81757764 17265
103652761 27175
561784804 376
648211600 15371
91298025 1092
995465601 28244
22934521 23460
20784481 25306
626500900 26825
985143769 31236
70845889 12784
409010176 9099
11785489 6465
525830761 27776
971070244 31478
375661924 11921
412902400 30399
842915089 17544
153664 26725
500461641 26644
896809 21422
35832196 7372
39967684 18306
258019969 19569
12489156 31819
700569 30835
193071025 12706
222457225 9399
228130816 3879
319980544 24472
22353984 3248
774119329 2860
183982096 9639
414326025 19400
617969881 23469
844541721 16326
1243225 19587
2778889 25733
51984100 24363
25 19634
80694289 19530
788991921 3014
582256900 1489
714025 31440
63250209 16860
542703616 14965
390023001 11483
2053489 5685
384042409 1775
249734809 11504
26801329 12439
440706049 680
4950625 27275
901740841 24456
807866929 19688
727488784 8229
9492561 14734
202720644 23301
300675600 19910
768232089 32606
388799524 5929
3794704 20767
395333689 4029
42968025 26164
858900249 9568
233722944 2310
505035729 20586
566773249 9282
486026116 32142
27258841 7132
3381921 20225
783664036 14163
34821801 30942
637310025 310
188348176 15562
996791184 16359
238084900 18644
254849296 27551
553943296 32158
820135044 17842
697646569 24514
389944009 29973
10562500 14447
225510289 19485
31843449 10579
39212644 7049
599076 14270
155251600 14019
920819025 4868
887444100 3427
98604900 6691
985583236 32245
341843121 25765
911013489 17916
653620356 21192
25010001 13111
409536169 26845
969637321 31266
204547204 31214
497691481 21952
483208324 26019
221592996 21656
23697424 28006
69139225 30461
276058225 25798
920758336 659
139736041 16665
949009636 12047
152744881 19558
109620900 4158
902641936 32642
459888025 24905
167184900 18296
387341761 5431
318096 14894
637209049 20659
3214849 32326
191905609 12560
97160449 27203
791972164 1162
830188969 7917
924342409 22479
2927521 8438
326633329 31934
37258816 13789
484704256 28270
305865121 2067
300606244 13938
386884 22109
490533904 14171
210018064 12921
432140944 127
725904 4868
388720656 3833
259403236 15515
13176900 8177
653978329 17985
2961841 30750
15171025 15616
144 17544
2624400 10963
1236544 30867
108305649 1220
224730081 19769
210681 17490
116748025 17815
378458116 12309
543775761 23723
925315561 6053
298702089 16476
2480625 1719
223382916 15802
570875449 13193
236390625 17032
365497924 11393
842973156 6136
697118409 2321
133633600 15029
60047001 8669
456121449 29734
858255616 5152
599074576 6386
432723204 5195
53824 4287
9947716 21488
632673409 2880
360050625 32479
817674025 1646
703921 5007
153760000 2581
603684900 6847
323712064 15507
6135529 604
715937049 13532
312688489 8102
785512729 11714
712729809 7311
22127616 32372
113569 21603
902762116 31812
274796929 25518
911013489 10669
96100 28507
811623121 22164
605652100 26393
148996 5582
44355600 18179
558707769 11235
72914521 7295
273604681 23313
616280625 21094
126202756 12436
600789121 2150
631516900 14117
213422881 31141
359519521 12993
967894321 13991
410143504 18859
176491225 13938
254306809 16052
633327556 752
429194089 8378
704796304 1172
527529024 4975
317231721 12608
340660849 5467
529322049 8807
909203409 26405
214651801 22127
861129025 30734
966152889 8537
291419041 31678
144 4259
290123089 3395
112911876 18029
94031809 855
557101609 4060
306180004 23009
554084521 15036
108035236 21695
847857924 28265
30658369 16323
233386729 3055
917908209 28667
213949129 22896
756360004 27190
699020721 31942
755535169 21187
193600 2410
109286116 2684
231891984 9620
171845881 7428
1168561 2724
1940449 25676
136585969 25793
930189001 1372
1819801 21952
301786384 10832
193182201 8007
54066609 7584
4064256 14386
947162176 10917
374112964 20789
26977636 26457
16670889 3267
587286756 19295
760490929 28207
201299344 14403
893770816 17426
284158449 22274
203490225 4588
201696804 28365
299082436 15630
843495849 6410
57532225 183
51652969 30364
162894169 28029
345960000 19044
24029604 30702
436308544 7431
67716441 23160
309091561 19954
605652100 20102
336832609 13724
128504896 24812
122478489 15627
960628036 25989
66194496 3738
462551049 19994
277322409 17401
730729024 26758
758011024 13685
102151449 18456
17623204 20090
408727089 24121
998560000 2902
8988004 1615
264517696 1087
637411009 2273
245172964 10648
11296321 23035
931836676 5488
27793984 5844
116726416 5708
285846649 1710
522899689 22310
191711716 8958
323928004 18613
245079025 27341
3301489 12271
176730436 1374
138532900 32205
16892100 30737
204690249 21582
617870449 29575
184063489 23742
575760025 31751
598242681 21304
432182521 28960
28633201 27498
152881 14480
667550569 29336
294328336 4197
124032769 21219
122788561 19554
714439441 23500
47499664 676
352838656 29684
404693689 27526
45657049 6181
785232484 30913
17514225 19350
344399364 26584
74805201 23915
43665664 21427
629859409 10108
512705449 2441
22448644 10839
886312441 9476
582739600 10888
13366336 14240
881852416 13080
48841 32597
848382129 8531
385572496 28789
504227025 7630
248882176 5847
887563264 9897
552579049 4661
1104601 3858
210681 12755
504676225 6154
8880400 29537
28153636 1644
438693025 26915
679749184 23083
689167504 19279
785961225 2779
2903616 14519
15437041 28019
879063201 27303
661981441 10065
123943689 24593
361114009 21118
6718464 17383
257891481 14132
142444225 4809
3025 16029
164044864 17376
76860289 734
3686400 30986
11594025 8276
39300361 31287
53655625 11293
839898361 19
401200900 29659
19695844 4581
216031204 27316
183846481 31414
260725609 26526
114532804 6583
108784900 6361
1411344 4573
113294736 20668
368908849 7374
908057956 4021
671794561 1280
653006916 28556
771672841 2847
388090000 21479
112444816 15024
61434244 1043
492174225 29173
452583076 4609
12321 8464
303560929 12943
901320484 1130
8404201 27401
979877809 24150
681836544 14320
220730449 29682
396567396 4346
590927481 20814
240343009 28249
14791716 6353
400640256 13120
237560569 25048
181494784 8612
521482896 27295
165328164 15168
324504196 8549
13483584 13275
7834401 18635
206468161 22733
141324544 15230
8868484 4544
325369444 4885
780475969 24244
10316944 13885
142778601 30534
17690436 4627
881496100 28465
536385600 721
4648336 1045
22099401 12205
548028100 30839
438244 24062
34916281 8201
781314304 32673
1520289 300
655718449 155
181575625 12212
50324836 6143
45630025 17643
115154361 8211
29811600 6360
670343881 14766
31651876 8385
520432969 16100
486599481 5870
598389444 18661
500730129 20400
157904356 19747
49322529 24482
393129 5555
369024100 30511
251001 6390
261468900 5972
351075169 29816
68046001 935
34597924 3864
16088121 5529
675844009 9834
16443025 21752
157653136 19289
59059225 31160
311364 4625
169000000 15090
19395216 31004
53436100 3885
29235649 19402
715081081 16861
23970816 983
392356864 553
288184576 28232
391525369 20209
503239489 6038
47961 25616
399520144 17166
278789809 3294
874225 29048
85544001 32761
65626201 15095
473344 10310
887444100 48
598927729 32562
458131216 13998
257827249 23614
325189089 21637
315879529 23994
584914225 7990
885657600 20176
25644096 25043
16867449 11973
261177921 20068
12460900 15740
1272384 3720
831745600 12604
279892900 18272
402403600 31154
467770384 5288
788935744 13370
422754721 16167
173791489 13658
804743424 12874
434972736 19343
520068025 29964
760877056 8013
35700625 10776
106915600 21569
244672164 23346
569061025 20441
92891044 5075
416853889 18694
470325969 3859
234978241 1345
413796964 31948
26429881 26316
179776 8701
153735201 12346
649636 22636
599711121 8497
435849129 12688
13697401 20591
442934116 16557
960380100 26379
153586449 20545
48038761 8445
761594409 1695
436183225 14049
121947849 15834
647957025 5368
100721296 4836
653160249 880
285745216 28663
81144064 9189
60357361 5684
76475025 26663
371371441 27275
228251664 26174
511031236 2522
900000000 11691
674544784 26713
199035664 497
935089 53
361760400 7764
975812644 21371
677404729 26337
282206401 17720
164737225 10926
417834481 3551
235225 23395
946729 20202
14992384 24057
136726249 2500
463454784 22722
623251225 32231
461863081 8874
10478169 12865
89453764 14268
255808036 11741
441210025 22248
540144081 9151
698597761 11523
108097609 5648
38204761 12559
393784336 13435
182547121 5565
5280804 31190
612958564 29744
304362916 19717
271293841 5124
356605456 10523
17825284 29839
223412809 4291
557620996 31590
18524416 20703
312016896 27683
366875716 22126
18550249 3430
6671889 7091
866890249 7962
280596001 28820
293539689 1530
287370304 8768
29084449 20563
252714609 17940
742072081 30731
18835600 11200
736036900 1506
696379321 15013
515108416 31224
25401600 16002
296872900 7568
124233316 26448
14853316 8723
205234276 106
654029476 12632
31753225 8945
92236816 21282
484176016 26479
798175504 19434
144384256 23226
276590161 22751
542470681 14876
649536196 27948
809573209 15024
43758225 21625
1050625 24591
158130625 24244
288490225 9772
22667121 30993
105513984 637
419020900 22607
43138624 92
581629689 6206
23872996 31916
862773129 29822
12974404 17599
195804049 32393
818589321 7287
306495049 29939
23600164 28588
82373776 8177
291350761 13006
195384484 22297
210366016 14028
420537049 5224
889411329 29748
608411556 14473
693889 4507
861539904 25684
771783961 10559
769507600 2966
197543025 4587
286760356 9488
229643716 12059
36578304 7106
927811600 3169
173056 25961
469112281 18439
267649600 25158
50879689 4342
3721 27169
542424100 15318
326041 10894
551968036 13175
771728400 14959
962178361 18544
727812484 1722
720331921 9222
580183569 31868
390536644 25167
129367876 5150
82937449 6039
167702500 8679
638421289 17666
181476 4035
571496836 115
599613169 25667
247621696 21421
691900416 15076
121506529 5816
524318404 4500
880843041 18823
235653201 3954
333062500 12503
5470921 10454
526886116 14938
31595641 17553
1739761 27669
456078736 18038
219424969 25350
637209049 8985
447280201 9483
144769024 24790
75255625 18943
617796 10773
368947264 16422
369600625 21709
233753521 12235
979564804 839
526794304 16935
320660649 16933
209236225 20357
123210000 18338
766182400 14500
871371361 14363
368678401 28509
106523041 5071
183873600 29317
170067681 12771
164711556 16661
17505856 27817
436921 2184
497557636 25377
456292321 4741
550564 29632
8439025 13758
48413764 21617
676884289 19992
3984016 27610
10903204 12
115068529 20448
121330225 19277
363474225 3437
75082225 12459
178089025 7536
236821321 28471
9018009 11046
745890721 7336
35283600 3993
629407744 7421
690007824 9830
125552025 15716
24890121 24514
58081 30299
7118224 13247
1243225 6421
23319241 23244
23261329 27679
5588496 28539
46594276 31555
896809 23944
162103824 7853
193849929 16918
48372025 32076
109998144 8507
165791376 3707
28847641 5311
797780025 24289
248125504 22561
402283249 7317
489161689 21979
280964644 11910
397165041 6631
595848100 23323
719151489 19842
1522756 16918
666878976 8240
109641841 11710
30195025 16896
393129 32573
139169209 21265
172081924 14919
149059681 27733
742399009 29692
126652516 9621
189365121 10512
450033796 15542
164429329 16169
583696 16954
19980900 13704
158583649 28426
114083761 18668
218537089 1906
548964900 3763
853516225 28525
675168256 19267
380562064 21539
939667716 1960
70913241 3760
49519369 10878
903844096 9255
294774561 6162
121176064 1750
32103556 7620
383572225 31948
399520144 11440
803098921 20377
196644529 10125
490223881 10581
102272769 18388
525188889 17124
4359744 24101
132641289 18295
196140025 29160
33918976 4438
615288025 1072
181413961 9182
95589729 31204
398162116 1733
31730689 28960
648669961 26278
580472649 1497
843321600 7865
246992656 18880
37002889 4065
14258176 29545
54375876 26861
7921 2221
431649 17431
368985681 2125
762129 15825
423801 22231
4351396 26818
170720356 29390
805481161 17163
252873604 13317
868539841 4302
141491025 6732
394221025 16369
170250304 28494
581822641 14623
199459129 16314
431517529 16912
383337241 28577
839318841 21771
174768400 28192
55234624 4521
45684081 19518
22905796 10971
623101444 15127
1580049 30254
734449 13627
145130209 78
419922064 22353
545362609 19145
835614649 11264
13823524 5910
745672249 28431
416160000 25302
408605796 3018
234947584 31065
24720784 23208
576336049 15972
279591841 25132
990109156 5682
393704964 7945
370986121 3768
130827844 6025
408524944 11822
939912964 15919
195272676 2762
181629529 26524
19669225 4047
35117476 22447
188210961 5062
400760361 10736
37344321 9227
159239161 6447
944784 10636
632069881 27240
756745081 19150
197880489 32490
276956164 12081
1281424 20920
13712209 1908
585225 25648
266766889 32635
65270241 24042
454499761 32080
404050201 25571
655513609 20841
890903104 27355
292546816 15401
946177600 2299
19492225 27816
424566025 2747
23629321 23735
196249 20227
112169281 11807
29095236 11920
134165889 27946
619312996 29338
47872561 23653
198669025 7860
312405625 11683
327501409 4595
784 19525
425266884 17234
522729 7353
926715364 7509
381381841 21825
299151616 15597
85655025 21494
189447696 6044
8649481 5644
771061824 19673
806844025 13399
274863241 9910
153636025 2318
662650564 3520
545969956 25296
525739041 29735
867243601 26852
467856900 31775
17081689 5317
610040601 23941
260693316 25822
494172900 20166
480354889 11410
770884 29949
167236624 9599
743925625 8027
48664576 9732
630261025 20940
127644804 8448
904144761 25303
14025025 21213
1669264 12486
735657129 16334
493817284 12808
284192164 26452
9060100 25811
203718529 20743
6185169 25102
629759025 22163
133934329 5997
136305625 20225
504047401 27870
335241 32568
138909796 22820
514089 29635
48358116 10689
551874064 10196
750979216 538
484748289 7561
21013056 21974
618268225 19311
876574449 25223
344399364 837
265136089 27788
4243600 13826
180150084 17206
418529764 14617
608312896 20521
684711889 28923
161112249 13829
544522225 1245
751582225 16966
297148644 32700
434972736 13929
769507600 671
85858756 11345
265331521 27677
198753604 6632
334560681 6430
267715044 14345
6996025 8934
129937201 20638
154803364 15951
28579716 14341
105904681 8277
57426084 30137
226382116 3032
586899076 24622
358875136 27806
76720081 12284
95472441 9112
16957924 20032
170537481 26726
40691641 25151
406627225 25628
191434896 25165
148108900 26951
434263921 11246
120187369 27947
732568356 26426
49182169 9807
330439684 14726
523082641 29756
453732601 2880
950180625 29825
753118249 25883
273406225 26874
235745316 10348
28708164 21330
676 9940
240839361 27079
160022500 23840
288252484 18733
577600 21869
575808016 2102
200222500 29840
49392784 4080
98148649 14005
198302724 23951
6838225 8005
545362609 4461
583077609 24590
242113600 28495
855913536 31646
294568569 13290
936360000 26351
171479025 25510
91738084 28234
19686969 30369
313183809 24933
129732100 1527
219958561 19151
4231249 24129
525968356 13965
37564641 7003
110502144 19462
630436 12651
435264769 16156
602653401 1822
621754225 23708
63011844 1333
139310809 13784
39400729 16193
728838009 12178
810882576 6570
266668900 30748
253956096 4342
21501769 10430
310147321 1608
69538921 5720
1203409 13607
214066161 5448
1444804 13953
256992961 13454
171034084 13552
50452609 13358
13734436 13883
923916816 15062
34316164 7712
212576400 3777
168350625 20049
258920281 21979
458329 1980
305026225 8486
215825481 28943
611226729 18268
341695225 26236
104325796 21206
954130321 30394
299566864 1708
811801 12620
36869184 16158
993195225 10757
342842256 12595
52852900 21964
172475689 19871
193460281 9373
165405321 19178
49210225 31952
210395025 6863
434972736 31646
77933584 20195
879656281 7905
327610000 12407
1156 15387
77369616 4030
633780625 26810
149279524 3635
446645956 14234
250177489 26677
545315904 28620
553660900 500
517244049 8342
137686756 15249
5433561 14010
234671761 20609
90601 30459
24206400 17971
547326025 478
368371249 11762
140730769 17582
275029056 15884
88341201 31682
76545001 1588
2752281 10755
31775769 17189
354079489 10664
44957025 5512
116964 14916
730242529 8216
556516 12291
455625 20740
143137296 10288
885481 23188
34550884 26363
399920004 7952
186622921 17018
108993600 5086
652649209 16109
20007729 24554
10297681 16454
176730436 14667
73136704 29929
217031824 17955
5368489 23984
279591841 1222
921061801 5938
26306641 32543
594286884 18501
719366041 19792
490000 22977
393982801 11161
215825481 23431
4481689 10107
95481 15042
1060900 10269
583753921 11629
60684100 21998
617721316 30486
727812484 9612
709796164 27361
184144900 2533
154803364 20175
910470276 4508
6335289 1088
547466404 29614
258952464 6583
119137225 20309
696115456 10718
158281561 9004
18249984 11210
658486921 16276
970135609 6271
11664 14423
365650884 2487
244672164 6540
4813636 13791
716258169 25531
149450625 28003
256 4929
139948900 32043
39262756 14069
147816964 6758
120209296 23051
808208041 15238
42016324 17721
1522756 651
17424 23321
604668100 7301
109139809 5071
660541401 14932
127554436 23531
569395044 1715
84143929 23185
229340736 15733
867125809 25303
419635225 18445
53824 5230
106276 852
936176409 28549
2362369 4743
539075524 24554
341056 25487
8317456 882
35259844 18566
7230721 12188
949071249 19062
20839225 31345
562496089 6500
449058481 19118
578643025 15757
869188324 13093
926654481 28143
42928704 7521
23454649 12299
59413264 1929
663011001 9450
171688609 22918
916091289 10078
47416996 5480
108826624 8074
239166225 26374
28037025 12196
136585969 22245
152881 7674
1827904 9308
699867025 8243
5175625 2805
141967225 27608
8584900 30485
75864100 12307
16801801 28128
334487521 23734
1440000 11351
20811844 23166
114575616 16835
77440000 6298
966401569 10583
8797156 4967
80209936 10001
363970084 14462
811224324 27617
742453504 19440
69655716 17677
2832489 13008
81974916 23252
60016009 18162
78570496 16978
810882576 6131
474716944 26275
360924004 15737
32947600 3403
30924721 7868
69139225 31189
869719081 21318
963233296 29883
222606400 247
717168400 14726
255264529 23371
7513081 4150
22810176 10208
443523600 5604
266668900 27698
15468489 30886
69722500 10409
402443721 10931
513928900 17623
80874049 20680
39187600 4346
180338041 28618
93064609 201
50680161 7596
501267321 877
782097156 14739
547600 7373
529 28472
742562500 9230
132987024 2446
501264 19290
876219201 22694
86136961 21729
254785444 11983
220552201 6430
917726436 14593
304991296 16988
557951641 13948
278522721 24952
532224900 21420
131010916 16360
55353600 11344
6056521 4860
9012004 14555
113443801 29796
773173636 11034
101465329 17395
428117481 32280
328406884 22179
34609689 15679
149352841 5848
45873529 18111
195944004 31209
640090000 3380
104244100 28380
702833121 7299
346369321 10865
235714609 26116
652864 29795
201526416 6119
818875456 23018
791296900 976
161798400 27012
10017225 22725
517835536 23541
795240000 13386
259177801 20108
368449 20170
20052484 29353
198471744 18233
1261129 22140
549199225 20984
252523881 11023
163123984 20217
442807849 11143
593994384 2851
612018121 2471
162231169 12536
735602884 917
816930724 11381
146047225 1761
335241 1593
154878025 1219
867538116 31210
980378721 23460
761428836 19413
173369889 31200
160452889 8660
82555396 7627
7518564 25461
75325041 22258
333865984 25944
84125584 11427
568393281 25561
557998884 3503
105308644 4335
77528025 28014
83868964 14676
21427641 12804
153165376 17639
47018449 22499
205606921 5710
831053584 28305
347039641 3551
25220484 21164
917847616 13249
621953721 18731
38962564 19790
668687881 24550
212343184 25020
517153081 14169
331130809 29181
14969161 6564
629759025 26595
180203776 727
421193529 136
69572281 32365
921790321 13805
113358609 32278
666207721 27617
133263936 3514
346332100 25637
302203456 2234
586802176 15821
460660369 13433
164044864 1001
878470321 25627
285846649 3941
484924441 2444
584720761 16430
131813361 22468
429276961 20886
246709849 23114
96943716 19962
27636049 9719
132963961 26018
22648081 1789
970197904 11496
272844324 20520
7246864 1437
84787264 12131
523448641 14248
1814409 11133
857318400 31984
551874064 12077
641811556 1149
467510884 17748
29030544 12506
98446084 27267
743325696 5565
124567921 6077
131767441 30953
746874241 27262
90611361 23124
22240656 3579
828748944 18309
11175649 18860
653262481 32321
112550881 22792
30250000 8806
5322249 28816
572309929 2839
343842849 5134
641203684 27417
33028009 8735
6076225 22653
132342016 14575
458216836 30592
607031044 22596
8116801 19631
211149961 25790
347822500 31311
366339600 28765
117548964 27899
272448036 27715
386358336 15247
362864401 10171
601868089 15941
735331689 16507
667757281 8478
359709156 26662
803835904 30084
46744569 8981
893711025 1837
74494161 25687
15586704 30786
923308996 10998
151708489 26817
54140164 1148
114554209 11552
800550436 6326
57668836 22579
18105025 8888
67141636 7247
580231744 31521
113081956 18352
722500 6049
108910096 24600
228644641 9144
337236496 8633
627201936 5824
220166244 25941
455651716 27437
97871449 12708
327103396 23316
635209 31734
50410000 17898
844890489 23577
422549136 9103
941998864 14205
13010449 10378
80766169 10134
3996001 32663
744580369 8066
38291344 15455
707347216 5356
498718224 27526
195804049 12336
44235801 25578
18610596 18367
17065161 15658
994393156 10950
885955225 3942
31225744 32522
288369 24646
673610116 13846
100060009 24894
105144516 23961
72284004 25360
8111104 20234
2025 8850
469632241 653
240622144 21169
478165689 2330
526610704 1974
199261456 29148
310816900 26568
990046225 7895
712729809 17586
235284921 19662
78801129 743
7070281 21092
44983849 29123
863478225 23169
55815841 30996
1825201 7671
1798281 16345
843147369 24678
425308129 12362
6749604 13405
675428121 32024
320374201 19137
180579844 3061
15163236 20851
126495009 26967
963109156 9517
168428484 10617
131629729 23213
53699584 23203
74476900 25366
392396481 27820
942981264 20371
259081 12733
2067844 30781
482329444 23639
775121281 2623
471020209 7832
394538769 16695
168272784 20154
722373129 20448
200930625 13532
331786225 15343
196812841 26117
195188841 12602
102272769 20582
199911321 4127
3644281 23775
94926049 15140
652864 18885
240932484 26587
23503104 8931
213978384 30473
432964 31422
290361600 6150
34857216 18718
568631716 15207
328116996 4809
633616 6363
203005504 16018
188046369 19539
943656961 15250
43480836 20070
90060100 23734
920272896 19443
886788841 3450
94051204 8456
447830244 17395
411237841 31490
12938409 21523
193600 26102
246395809 2089
663268516 18768
533794816 8871
800210944 6074
284765625 11560
551075625 13888
15256836 14513
25421764 24241
986049 29495
884646049 328
869365225 13922
182466064 27019
650454016 29585
169676676 10868
535320769 8478
220760164 5583
1700416 3299
52287361 17123
191102976 14333
143113369 26708
685078276 8143
737881 3400
166745569 6218
456377769 21961
2010724 7020
398920729 28267
680062084 12807
274266721 23342
39250225 22980
9517225 11685
14175225 3175
42120100 26200
441168016 19541
311946244 1384
631567161 23123
390655225 3697
215003569 30864
40998409 948
746163856 24294
756305001 7286
16160400 17501
494973504 15011
921061801 8689
1684804 25527
338486404 4757
97772544 16606
32285124 29815
65399569 27226
9180900 12166
300814336 550
120648256 17714
200647225 25049
459030625 3442
339775489 24524
1776889 17676
441000000 28543
9480241 20753
2169729 8505
24621444 23462
72675625 17647
383141476 11786
859369225 13415
67108864 27605
185232100 2206
59428681 4990
73188025 15974
68690944 26656
256160025 3667
442092676 10366
396288649 31704
23902321 14148
625200016 24494
711235561 6288
904385329 29045
800550436 26800
40297104 5278
1582564 12334
857476 27784
64096036 14601
97002801 31721
952216164 18758
7795264 21360
33849124 26279
38303721 5033
476374276 1979
17181025 17952
730026361 22039
516243841 20937
31125241 26082
668015716 3743
444889 1687
451010169 15500
461089729 4358
20875761 24969
370370025 22172
84603204 21254
14295961 5605
431309824 28300
95238081 6223
575376169 17825
196249 23857
41628304 16620
74390625 30219
527115681 32409
7290000 30736
199204996 28671
44944 9953
48469444 31360
67174416 15516
961310025 8113
62410000 29461
284934400 28859
512796025 12899
722211876 20738
119574225 2207
10240000 19460
2500 20200
33756100 643
39980329 8106
748460164 29414
269124025 544
865065744 8413
700025764 28440
70997476 24644
462207001 4855
215267584 18250
524730649 28924
957902500 3026
432723204 19401
755425225 20505
308950929 30495
2347024 8857
211600 30441
537683344 13614
818074404 3964
923552100 3960
177662241 11037
295392969 16512
108241 14531
936115216 21406
584333929 26655
918090000 3226
470596 26330
90820900 12049
956912356 798
29452329 21786
508863364 22359
15864289 6442
114233344 25403
539865225 5941
9326916 13832
374809600 2326
710862244 3596
924707281 561
422631364 4459
32924644 3671
163891204 1053
946116081 14314
464359401 7990
3515625 14657
449694436 28010
333975625 23885
11485321 20688
447491716 21373
221622769 5606
158306724 31456
33062500 14294
51408900 26762
629207056 14839
35721 11576
61230625 14999
519247369 7735
315524169 8952
118962649 9601
689272516 6296
299463025 23850
694269801 5045
3059001 31226
421357729 16145
562021849 18780
697646569 1267
50069776 18038
59536 28014
494209 2714
122500624 12773
942183025 7389
979126681 10703
667489 25861
24206400 29880
57501889 17833
1327104 1416
635241616 8595
274796929 29448
55225 20585
431102169 12706
62536464 18061
785456676 6761
25921 29761
809516304 25433
776068164 8207
435890884 27871
35224225 16488
187251856 2204
120780100 6283
44836416 7526
1705636 7336
278322489 19599
422549136 24901
821739556 31850
898980289 6626
1136356 27660
805821769 27352
12327121 13392
514291684 4743
650148004 23070
321700096 11696
689850225 21996
247779081 6944
687016521 13444
669360384 17039
565107984 13576
212634724 17095
877462884 2100
573363025 19209
4464769 5348
626550961 9132
73616400 26070
2365444 10759
10316944 9392
540841536 17297
23697424 17989
382515364 3143
36 19476
788991921 17486
697857889 16145
39400729 16602
629207056 18345
184796836 25678
200307409 1792
256608361 24997
72420100 5501
499656609 20240
91240704 19080
179776 19424
167961600 12690
428283025 15783
984139641 20566
95844100 26778
201753616 8799
406869241 26426
484924441 28107
28111204 17716
178462881 21838
42380100 16773
751088836 19322
9162729 31713
491420224 19261
14055001 4438
416445649 31147
645363216 27693
384630544 5373
129640996 19217
546764689 21722
579027969 17267
119159056 8150
124612569 17196
28987456 14905
11135569 21860
630863689 20993
114789796 11955
164916964 3114
282744225 17543
339406929 30508
664144441 29638
89113600 1734
17106496 31412
122036209 31994
877969 18966
224730081 25689
630210816 29080
993888676 32640
867773764 11116
362597764 20963
40640625 19252
555025 9673
401521444 5154
878529600 13208
273174784 14941
41024025 20051
534349456 5031
777907881 14689
438776809 15166
79887844 2960
17405584 11519
621155929 17241
1545049 7121
405498769 28774
206152164 1857
606833956 5713
175324081 21610
66275881 11439
22676644 28184
543356100 24653
387263041 12333
842798961 31161
27352900 8771
177902244 3332
480705625 17810
10323369 22215
152868496 31252
565488400 27236
103041 16104
407272761 5518
160985344 20981
1459264 7436
243016921 29391
614940804 14009
98366724 19678
497646864 25808
14760964 19645
103684 5734
554414116 25824
363550489 12600
132848676 1402
309443281 26791
675948001 19357
512656 1537
658435600 11171
111936400 1538
223592209 6862
115734564 12187
941078329 31787
607671801 2033
586511524 21692
48483369 18345
24631369 2773
747584964 13667
58384881 13511
305200900 2436
392277636 15036
127238400 16185
484616196 20450
540330025 30393
217680516 1740
16345849 19658
435598641 1301
2588881 19334
9333025 6726
274598041 22623
164429329 15865
60512841 17249
362826304 14655
809345601 23479
749500129 32576
968205456 11633
16949689 31009
100982401 19588
373610241 18731
373416976 20754
596238724 18729
204747481 26860
43718544 18449
25361296 8790
1394761 19175
109307025 21514
244703449 21727
50851161 18047
4713241 31426
280428516 618
946423696 17810
2812329 26758
167624809 10353
62758084 30352
177235969 3519
786185521 23958
50951044 16259
546063424 19826
533379025 12044
17472400 6546
432889636 24536
296631729 6906
264745441 31156
23078416 29579
2368521 17957
56325025 5765
60730849 7431
372644416 14923
487570561 1140
1192464 5990
73068304 2023
76160529 6349
42758521 2721
202663696 24931
279841 6476
550564 19138
314885025 32479
257602500 16695
56490256 8385
323604121 8461
596531776 26161
289714441 30991
538564849 12005
768287524 22088
17689 7409
223861444 32013
354794896 13803
13454224 13118
692163481 8013
13853284 32712
23328900 31258
85414564 878
38241856 8645
396209025 20170
584092224 21070
248094001 22926
29084449 31150
890843409 32528
395850816 14453
433222596 9222
47004736 21938
299220804 27021
2739025 10771
49182169 4465
912100401 17997
93257649 30632
388050601 22718
8702500 17695
671120836 5713
100220121 16314
142396489 10915
300328900 23446
8526400 29540
995907364 29073
240219001 2815
97950609 16140
858431401 26237
25735329 4847
484308049 2726
919423684 19438
57229225 7274
328733161 3083
492804 20608
532900 17756
125955729 32333
1915456 1039
577633156 23047
707826025 6571
7683984 6682
76650025 3480
16842816 3019
560647684 30434
212343184 23323
104019601 9018
530611225 4590
18156121 12094
37491129 4716
264160009 29690
145709041 4264
52229529 28078
414163201 20351
101324356 32721
605455236 9412
224676 14935
266244489 2202
213101604 1072
474499089 13344
99480676 20241
855625 4948
5929 14454
512297956 3633
63552784 15336
790321 27931
621455041 23163
838102500 23677
137616361 23452
36409156 21425
414163201 2825
390892441 25376
48497296 6177
224610169 11690
24661156 31326
240870400 4424
477481 32544
377758096 17135
75116889 25772
229522500 25016
48094225 9844
637512001 17727
303601 24217
8590761 2888
438399844 24750
147671104 10409
308318481 29119
618218496 356
53479969 16785
816987889 19475
5285401 2348
49716601 17545
60684100 29335
811281289 29110
29333056 11747
17156164 715
282475249 22378
50608996 1951
999002449 4953
670499236 2129
685601856 620
97653924 16432
432764809 29689
2209 32727
69722500 31024
201611601 31388
903723844 15777
746819584 812
3924361 18687
144985681 31599
693426889 3619
5692996 31666
26163225 27475
965158489 29956
120978001 32709
5414929 21216
11861136 31327
827482756 24589
304537401 17857
70862724 29379
7246864 13701
402724624 9231
208484721 6341
331822656 5752
508369 21982
155102116 4067
102921025 29556
63504 27316
498762889 12983
114190596 8758
856498756 7908
95550625 32317
135443044 13838
657666025 8714
821510244 3870
952524769 622
131044 8473
471714961 1843
187936681 4001
846635409 23479
6948496 8383
258064 13018
766016329 16351
650760100 538
27730756 12828
263023524 30717
199543876 24510
15397776 12720
828921681 22273
247369984 29677
122855056 27673
405297424 27425
829036849 6770
411197284 14031
468332881 2876
410791824 17455
941507856 25895
597529 15388
388287025 18795
562543524 2093
41422096 8716
154728721 13089
644956816 9564
231496225 10368
308599489 12993
49744809 6015
428283025 27832
23746129 32036
3073009 13338
94206436 6572
66564 26783
717061284 21802
497691481 4768
22648081 22384
693374224 23073
112402404 22322
914155225 28430
505935049 25705
655923321 18117
315737361 12790
555686329 21205
244036 8840
262051344 5381
526748401 7359
203262049 13465
91470096 27282
119093569 30928
748186609 10222
41616 19633
624600064 1183
535922500 12295
150087001 23924
25281 14763
875449744 28830
123187801 3841
766625344 12634
132756484 29893
507195441 32464
520843684 23816
535459600 16954
221682321 5749
385641 14408
312511684 217
98783721 27075
1054729 27363
5953600 6002
381967936 32040
973377601 7482
438902500 22121
95335696 4232
143568324 15641
22638564 7668
845006761 2586
723825216 27166
1792921 12488
839202961 31196
5812921 2104
303804900 26008
339149056 14785
19909444 23539
243422404 30908
3900625 14254
671950084 26505
186677569 11467
329604025 19923
911919204 20719
709369956 1044
265103524 779
104182849 14427
664505284 30267
139499721 28749
58476609 25583
663371536 27753
824780961 10568
144384256 20625
299290000 21445
470325969 13766
248535225 24862
438776809 2356
179024400 13936
67600 23662
392990976 4763
470325969 2810
59397849 32744
21520321 22800
581292100 2288
290054961 28575
1281424 13497
407999601 22929
587044441 3617
970758649 26192
978188176 14976
121110025 5513
830073721 25481
291589776 28720
770839696 30833
672364900 29380
991179289 2644
920151556 27860
145161 18388
194379364 31170
388168804 23555
184497889 30407
774731556 13443
15634116 6711
418120704 29419
126337600 4102
32058244 3437
707932449 16268
358837249 25270
772228521 7813
941323761 17686
54700816 13660
157351936 16609
451775025 14505
411318961 8725
592046224 23544
10144225 32060
48400 16844
291419041 16276
159896025 11491
712676416 2670
390457600 22204
52562500 24020
938932164 3927
500059044 22126
4214809 2620
27144100 679
28836900 31934
2277081 4875
881436721 29057
124835929 27123
44408896 30010
555026481 20069
24059025 182
32319225 17974
1002001 17438
152695449 23409
725440356 14201
188870049 20733
7144929 5234
6579225 2681
438148624 7515
84309124 11115
665856 21875
883040656 12698
695060496 3684
390418081 3768
217208644 28432
593019904 1348
944394361 22413
48483369 19631
44809636 18030
26863489 16574
16008001 9029
145515969 8239
27060804 4710
201129124 7839
7155625 13805
128663649 19883
411521796 2
530242729 8534
249703204 31323
23030401 5034
460531600 9987
55651600 11171
136819809 24154
113209600 27464
371217289 20062
663474564 26907
463540900 32552
968080996 6323
393506569 185
40640625 1704
923795236 9719
502656400 2991
266146596 28915
974188944 15110
12559936 5229
904401 4115
293745321 11930
143641 8008
226261764 8485
245548900 20041
166513216 10867
482329444 22353
401641681 9259
114704100 7122
164531929 2806
377874721 2651
594579456 13187
875508921 7103
391842025 20687
981756889 11124
836887041 12195
217179169 12089
90212004 19294
549339844 4603
115068529 8180
913248400 13818
143209089 23863
1849 25128
43731769 24405
958273936 7889
355216 4258
439531225 17793
18232900 6296
855094564 18467
214329600 31772
678915136 29542
1545049 4867
10465225 12389
559937569 30421
588499081 2438
6270016 20177
37675044 30370
647855209 7473
605996689 13415
489250161 29103
300398224 11003
288150625 9543
17197609 10210
550700089 831
728298169 28450
4713241 869
118287376 26533
751088836 31128
700078681 26334
14945956 24201
78057225 24496
779303056 5571
7795264 30859
202692169 21737
486687721 19672
103022500 4159
8054244 23959
222039801 4204
422055936 30022
28558336 5503
23814400 773
1238769 11055
47458321 12537
351750025 4711
562353796 14830
101042704 25602
76720081 16960
741363984 20691
539632900 14331
489869689 8936
97713225 32321
185695129 25615
881555481 26604
915244009 19866
263867536 17781
28772496 25952
389233441 2581
220106896 27652
785288529 19497
350513284 122
81974916 9435
452370361 7366
246019225 13055
52751169 20487
201072400 17723
145467721 22965
973627209 28523
120055849 2599
333026001 3907
324576256 3160
810597841 1078
209670400 31978
42068196 7831
982697104 29291
240312004 2559
38763076 23256
33097009 14062
1449616 21087
198894609 1973
74615044 22377
893471881 17555
893172996 32728
559464409 6942
205664281 5005
850422244 11492
259789924 12334
472845025 29011
608510224 23078
58110129 28374
542750209 7917
2842596 3905
715455504 11401
183033841 4975
856030564 597
198781801 27177
55591936 7937
7579009 28234
60964864 20442
256416169 20513
17935225 1355
1488400 11799
206152164 20644
359254116 8338
836771329 28443
86359849 15641
182385025 1553
138462289 21688
811509169 29846
73136704 29094
31696900 24110
345774025 22565
185340996 21205
29669809 3754
702568036 14402
893412100 12606
764743716 22633
182385025 5156
397763136 14659
9302500 31164
452923524 8657
47087044 24487
89094721 28767
961062001 10028
686649616 9734
80496784 7386
138509361 19316
544848964 9071
27709696 4848
465092356 1529
409212441 23448
201270969 13627
2452356 31213
540097600 29778
611325625 27026
235745316 14489
873084304 19537
24157225 16585
10246401 23135
22174681 10085
8491396 10209
88190881 29781
238949764 25518
286421776 29136
735331689 29527
124277904 18560
38044224 4197
80030916 9953
60902416 19169
878055424 30699
26925721 5402
599270400 27888
290020900 15522
297666009 24263
18524416 29850
4464769 18986
67141636 21807
185613376 27485
3572100 29797
182898576 15632
707826025 31764
80766169 24199
358117776 24879
203632900 9464
956046400 8268
69538921 23605
431268289 9057
607376025 31370
184715281 13516
1836025 19433
47596201 9111
389430756 22596
734843664 31993
3744225 2363
41383489 32544
406425600 21239
314033841 10541
692795041 25686
148840000 3201
533379025 8776
562685841 17207
95413824 29305
296803984 12273
8398404 6448
301091904 27352
493728400 11895
508322116 32734
200420649 28284
168350625 25159
860835600 26935
266538276 14695
15295921 21837
239661361 27309
326597184 2612
512796025 1248
448973721 26008
31091776 28841
784392049 8190
542144656 2642
21650409 21672
753886849 2253
528724036 16568
215473041 22008
110224 32152
340144249 15391
840942001 15000
11902500 3266
528678049 14809
9960336 9369
193515921 5227
36132121 28886
396806400 2482
878826025 22954
678976 24078
380913289 13834
6885376 3258
127803025 11443
465351184 20725
880427584 9836
353928969 19040
784 13707
77862976 16552
512026384 5818
909022500 19044
935075241 12027
398321764 23361
986049 10986
551686144 32092
362483521 9026
39375625 14831
15382084 27299
777852100 30000
8162449 26771
151216209 16758
56169 9666
21893041 28062
80730225 28050
350101521 21165
225630441 10454
13890529 9398
307441156 21978
352688400 19199
956541184 16805
836655625 863
839029156 26234
313600 21738
608362225 5029
36699364 5585
18731584 17012
992187001 2179
57259489 15491
286049569 21528
38081241 30524
379003024 23536
22391824 18591
174292804 14999
252810000 22847
4678569 25580
30107169 30605
680949025 12931
301230736 12377
214066161 25671
264095001 20630
376748100 19044
359443681 13406
697857889 12388
368217721 1846
81522841 16023
207763396 22930
192848769 23481
256036 12188
510037056 20943
170172025 27953
15007876 14930
243079281 17196
927994369 30095
75585636 488
534580641 12622
834921025 29952
143640225 17074
332880025 11353
362635849 22368
401641681 22115
659154276 16867
673194916 3995
195328576 25936
811908036 19285
461433361 1061
907816900 14776
1852321 30327
32798529 20234
308178025 2893
811908036 20526
97535376 6471
87616 2154
359443681 643
55875625 3182
61105489 12224
155351296 11922
36288576 18116
1577536 2144
67108864 8188
1406596 15698
630110404 16227
566582809 23260
197571136 21668
11075584 31149
452370361 1667
24880144 1075
531441 3449
145130209 18013
7862416 24990
661929984 10916
156816 32717
262828944 18508
173159281 2562
25600 9959
727542729 18182
151659225 23324
75986089 17743
298287441 24742
25725184 9505
418857156 21919
7812025 19962
977937984 31487
944271441 4909
38278969 7776
293368384 3021
219188025 20740
186322500 8652
8462281 4120
21967969 7268
322597521 16954
136258929 10678
84400969 11834
35617024 11186
3996001 20253
150577441 19510
444535056 10600
209178369 7290
23590449 1435
170720356 17323
9690769 13307
101344489 214
250715556 15764
66129424 1032
735657129 9855
861539904 25268
331968400 9569
124590244 11092
486202500 29748
111450249 23635
10517049 7754
295771204 16939
372567204 28558
9778129 203
436266769 26894
1493284 19515
81180100 24246
436517449 5250
29484900 8798
366569316 10440
885419536 24584
925741476 5560
964475136 3938
323784036 17192
65025 7827
81396484 5372
210627169 14899
112635769 4935
192709924 22171
45981961 23988
136679481 24160
631165129 28197
216148804 10778
261598276 28313
716632900 9578
659308329 9811
3575881 17723
91183401 16953
487438084 13127
1361889 31866
78623689 21213
182196004 26483
921001104 738
638118121 24532
440538121 16663
551310400 27134
79655625 4761
655923321 32432
807696400 21934
434555716 2787
663011001 24766
253541929 9970
308002500 4768
714439441 18686
550043209 14360
19669225 30353
186624 27293
838276209 14721
183277444 19551
23001616 23576
75099556 17800
128663649 12401
156250000 9922
334048729 26405
105452361 21754
396408100 14632
219750976 25188
402804900 26861
18714276 14528
13950225 24273
8054244 14555
231922441 25782
34281025 29528
416894724 17646
686649616 24240
156816 20572
778131025 11896
385258384 4053
545362609 12259
780029041 9420
10863616 20359
574273296 7471
55860676 11364
143520400 16012
30492484 23586
361190025 3192
740765089 17562
911858809 3633
218744100 11928
127577025 6018
173889 30175
47831056 6375
255872016 31342
619312996 15090
113955625 14082
531486916 18669
5866084 8412
13490929 11969
331385616 13508
56295009 3607
266146596 21838
162333081 11964
573049 24156
503329225 20042
883040656 4580
317374225 4869
119716 16884
808094329 9731
676104004 23539
856674361 14480
104427961 14633
199543876 30928
398960676 22658
434222244 14758
886491076 25998
6400 20949
272910400 12493
264940729 30309
637966564 32042
49322529 5193
37564641 18117
264843076 27966
657717316 26357
160858489 31734
902942401 14734
770673121 25462
675584064 10079
433972224 28093
406143409 14847
26569 23974
674285089 7370
422384704 6159
11303044 12070
441630225 26683
48135844 3083
68178049 25461
232135696 10946
73410624 12278
131377444 31980
223652025 13065
312582400 11719
66879684 27245
915607081 26285
42771600 29947
300502225 15581
340181136 3720
593360881 11390
308037601 781
587577600 17633
125104225 23814
284765625 27143
722588161 21271
212634724 20323
492573636 14581
626651089 4064
2036329 30596
818818225 1830
279057025 20541
845413776 20505
87796900 28627
110986225 3235
445632100 5142
116294656 23220
97495876 18711
166177881 6791
863713321 397
833419161 27174
53567761 3703
141276996 31280
142611364 14851
12616704 8154
169885156 2479
470022400 18484
719312400 27566
871548484 12462
123721129 21389
261695329 2266
54390625 2582
23648769 24947
711875761 13429
352012644 3231
162664516 22169
314885025 21361
2295225 21725
429025 9394
563635081 14568
265918249 8417
2643876 15825
34480384 10104
23386896 26503
48080356 18801
7912969 10609
6548481 17673
10227204 24657
742399009 28356
64705936 9070
108305649 11185
497825344 12530
619312996 24815
25938649 31121
399480169 31856
949564225 3947
6436369 31485
706018041 31796
57790404 3962
67256401 17042
10284849 20332
304188481 3782
437562724 2232
749281129 23183
1695204 9389
2418025 2123
42915601 15429
185586129 14688
737937225 16808
524135236 25562
4800481 25330
134689 27478
656100 2614
644093641 16670
26501904 7875
469155600 20373
811908036 27558
4356 13526
78021889 20336
675324169 4248
232867600 6457
976812516 26965
111598096 14052
376996 27819
6140484 6309
11806096 3842
550981729 28097
357852889 20079
322274304 7829
106399225 7384
727165156 10202
519247369 13657
808492356 15143
988976704 24807
383768100 18615
12222016 28211
745617636 22125
221841 24785
109286116 18453
520524225 7066
786690304 31981
7623121 2639
217710025 26212
78446449 3711
843379681 31777
8173881 13226
425060689 12615
217857600 28326
231891984 20216
140067225 27714
654387561 22552
516380176 13098
865301056 23123
189805729 7434
135419769 20577
203975524 27382
334304656 31112
423824569 30986
513747556 19043
141491025 21837
103652761 23267
881721 15835
275726025 30099
694480609 19012
4410000 11296
98863249 17455
275792449 5400
68145025 29507
212838921 5874
783552064 24647
17363889 25679
42025 21383
387656721 3455
99856 4730
167573025 19271
958088209 8355
16297369 26337
136890000 1973
904385329 25413
186049600 27386
10870209 19367
42902500 27125
1044484 19265
73582084 5703
92505924 29266
20894041 207
799701841 19559
984516129 8725
203233536 11225
657101956 8681
2253001 20119
841812196 16967
463454784 16421
350887824 29054
786129444 7397
567773584 18321
1750329 6806
596043396 29406
9 31258
385641 22525
91202500 18044
185913225 26859
111070521 1329
414122500 30568
315701824 15262
655718449 1693
469025649 28123
752404900 24578
82137969 31415
220374025 28543
766791481 30972
987279241 10962
155650576 31220
898620529 2096
688747536 21803
227979801 18479
109369764 24951
11874916 5859
675792016 16182
12823561 18503
203518756 6103
16402500 13279
667447225 30364
58003456 29596
153214884 7837
4247721 2560
952648225 529
14100025 13186
453903025 16073
1600 26420
48455521 17405
285576201 19107
89056969 1355
887444100 7423
10660225 24317
107246736 23932
465782724 3979
45738169 12535
276723225 27232
87572164 19165
161188416 10209
594872100 23881
577488961 30380
199809 21612
179265321 12829
205664281 24882
360696064 25111
609546721 5922
21233664 26625
707240836 8583
377991364 32014
901680784 21453
665794809 26050
539447076 6445
197852356 32434
776161 1933
626701156 1675
15856324 6561
122544900 18773
14661241 21591
65512836 4345
23716900 23410
650913169 32513
336722500 14708
777461689 13216
6436369 24258
26967249 26098
144336196 7171
197177764 20868
375041956 7113
518746176 7447
17598025 8051
1083681 7841
10751841 850
176092900 8341
824091849 19978
666259344 3172
42941809 20283
50537881 7748
11309769 4449
193015449 1584
68641225 8953
47485881 6704
878055424 31462
51868804 32218
9591409 31762
184900 25369
68062500 23640
395214400 18477
806560000 29346
14364100 22259
158684409 12366
502835776 18791
82944 18903
745672249 30567
116791249 21169
862361956 29114
29300569 20596
519247369 20048
322705296 2365
740492944 2507
591219225 4433
250367329 8767
529598169 23556
22771984 20278
849431025 21466
35605089 31480
326452624 15851
414936900 24841
19123129 27788
10272025 30194
41209 1323
120648256 31812
915002001 23931
8994001 27355
10400625 13266
991431169 2144
122279364 18127
958583521 24593
386436964 4159
41628304 29637
903964356 10049
771506176 20266
4910656 3497
107019025 24658
417384900 27811
141376 14702
310711129 1177
757350400 8153
901981089 21590
178462881 3160
19918369 15211
126247696 160
1089 7121
427331584 22040
768952900 16081
150994944 27105
292681 289
844832356 18964
176172529 2640
283484569 18506
481583025 4963
12264004 5474
111429136 193
313467025 19070
715937049 21324
36433296 847
622521 13521
586899076 28051
913936 9122
123454321 29147
16556761 385
113870241 22930
165997456 2496
394419600 5691
716525824 29351
940900 3578
652036225 15894
215238241 4438
169520400 32107
383885649 24125
355737321 3238
260564164 21576
881199225 2252
957654916 15937
5216656 1417
170772624 21731
865536400 17944
565773796 24288
596776041 32104
761263281 4649
122301481 22903
346220449 6761
588644644 24066
424772100 26834
410427081 21089
45265984 12573
196028001 18093
940035600 14284
536292964 29731
659256976 21939
15832441 31949
482944576 21686
182709289 20063
86564416 2516
894608100 11359
996222969 20581
657614736 9608
5978025 19103
416445649 30833
648007936 2911
413919025 11114
369216225 3367
843844401 23462
450076225 6754
18939904 1952
13830961 2800
138862656 22711
320624836 31454
518472900 12315
586899076 24181
2739025 31469
811509169 6007
602457025 4514
160985344 28581
648568089 9897
323460225 7300
726302500 2125
1048576 12385
603046249 14812
92275236 7315
484484121 10249
725763600 10496
81649296 31887
967583236 1251
328080769 21783
799249441 21708
380718144 24924
741321 25064
406264336 11405
179774464 20098
749883456 5619
19184400 29642
190716100 15571
558660496 19669
9375844 25494
5171076 4838
376631649 3623
737339716 28396
443270916 24477
119464900 25675
355397904 31514
223562304 22751
75794436 27634
91107025 24126
313254601 22800
6100900 8254
543822400 1942
67782289 7352
169754841 28868
6723649 2187
82482724 28443
532086489 1507
957840601 18114
7496644 4027
283484569 3368
503553600 16032
18957316 13291
133934329 19128
3916441 15097
74063236 28420
232013824 19957
132940900 4578
386122500 20700
25100100 22230
281400625 8168
188210961 32137
949749124 1716
223084096 12818
336318921 12962
346965129 12917
54331641 9338
290225296 28009
152646025 25939
187498249 32351
72675625 695
928847529 10943
13264164 5634
59768361 17525
118336 23307
414041104 5548
100982401 6662
15460624 14809
22801 26793
14265729 2044
2722500 1678
94284100 29219
165251025 22745
844657969 32303
62188996 18714
320266816 15322
195496324 2933
774787225 23545
316969 4096
613949284 19711
381772521 9068
19321 195
11895601 744
379470400 16259
484704256 26434
16384 11304
705168025 19279
104101209 24011
896223969 29070
143256961 12921
205893801 27912
474891264 16179
174451264 12666
12524521 313
141063129 28342
57600 13449
268796025 15175
1962801 29602
166464 21076
87086224 1165
194769936 26823
94864 30494
234256 23981
509720929 30840
8100 18912
4601025 32719
231252849 13028
576480100 14450
105555076 25872
112763161 19720
108284836 14574
119716 30745
56169 18404
50865424 32209
897541681 21523
474499089 29441
1075369 26495
181333156 30055
412536721 28272
308388721 14639
244036 20761
425308129 4025
381186576 20600
586075681 19357
341030089 10877
449906521 9709
517835536 18798
847042816 2234
553237441 650
173001409 25305
245266921 10221
61638201 26854
307581444 29107
56145049 26506
141562404 608
672400 2810
681940996 2688
56866681 16320
852406416 20362
532040356 4286
757625625 6666
618069321 9840
15800625 20223
800946601 19313
283821409 14466
1149184 6721
24770529 16809
319587129 14405
74822500 10667
820593316 16911
625750225 29253
52258441 19680
121264144 3420
351337536 8555
38241856 3555
496754944 5084
13184161 24575
813276324 7449
61009 19561
8105409 6472
336172225 19221
7150276 20369
29560969 26897
24275329 10021
733705569 17839
113614281 11647
15657849 27366
196700625 20970
941569225 1270
851880969 31299
12830724 15691
605209201 21760
419799121 15524
565345729 3185
317552400 6260
643078881 16198
95746225 12168
2608225 25170
302760000 14827
457660449 28558
13719616 4103
8880400 1633
286387929 27916
764799025 24862
36036009 12438
975187984 17359
3179089 25482
978121 18481
896822809 1088
385533225 11007
529322049 24040
31775769 32371
224460324 28454
10816 26123
1661521 9216
501132996 16265
93026025 26362
48024900 23869
709849449 19839
574369156 13702
954501025 25475
3485689 11159
45954841 23143
473758756 21879
667550569 7965
94770225 25419
59567524 7052
336502336 3032
1926544 10038
173606976 8772
75099556 27416
874917241 14620
727165156 15569
71723961 30364
459845136 13575
158734801 32298
141538609 1287
1100401 4899
302586025 20395
739459249 22746
125596849 2433
26245129 21470
494350756 9257
65561409 4220
125888400 2303
213510544 4741
338044996 9979
17424 29266
200845584 6101
120209296 19204
232684516 8300
17791524 24080
818074404 4200
61183684 4092
639331225 17694
580617216 8803
966525921 21429
2211169 20287
129140496 7815
354907921 10600
922640625 22986
565821369 26199
4566769 17264
542890000 30000
20403289 4683
5875776 1792
220017889 24693
110460100 27714
35712576 5359
347486881 27561
223173721 4232
413024329 30233
74978281 8705
142181776 23542
122102500 1390
900180009 26530
449228025 29407
171426649 321
517244049 64
651423529 16320
59382436 23166
442345024 2837
390971529 6636
130416400 13256
86062729 13796
213247609 9138
853340944 23473
612364516 3077
54493924 11436
1965604 13452
299359204 10150
485982025 20532
431725284 16774
25979409 31436
22924944 28979
900601 17417
97831881 12981
579701929 27597
506160004 17815
427786489 13224
215238241 10895
727866441 27040
30107169 9313
210018064 4141
2663424 16384
317980224 18312
359443681 10230
84860944 23589
97990201 18183
49098049 7806
871961841 32273
32455809 26643
41486481 28983
361874529 29103
68293696 12350
411765264 24300
56911936 15927
37773316 8953
25542916 15455
231361 8859
60372900 15427
796989361 14194
927811600 32040
45927729 30846
128074489 6313
113891584 27618
52012944 25250
30118144 1511
3755844 77
945009081 6467
428324416 31403
677612961 7324
232959169 20518
330912481 26952
272118016 18804
752185476 22359
346146025 5566
289748484 23251
692268721 29186
963171225 1606
587674564 24502
642521104 5757
22638564 11950
784728169 27532
103713856 24127
10284849 4882
943226944 6565
481319721 18366
78783376 21410
241460521 2578
450670441 17768
99820081 13927
11498881 21689
353665636 15410
43758225 9549
1006009 23173
591900241 22900
147914244 1497
268435456 17916
23377225 23306
459030625 7509
833996641 17315
4264225 22003
668119104 12124
1999396 20468
624100 1761
690007824 32259
767456209 15317
37675044 5500
402162916 6679
890664336 2512
313600 15940
853691524 22316
230644969 21885
848906496 24661
568516 2666
5564881 25559
441420100 17278
502297744 19550
568679409 5757
228826129 24676
713904961 5436
989920369 5388
902581849 22441
211208089 2126
607474609 26378
263412900 26197
265918249 28298
52441 15909
922093956 21745
524226816 2433
131698576 9139
739894401 27660
73462041 24364
70543201 28078
9290304 13354
254147364 13369
667489 7852
869837049 77
79524 28137
649179441 29049
445421025 18836
98188281 21922
9603801 7263
38464804 1961
30426256 1982
9872164 8520
61465600 17645
241553764 1085
26697889 5940
336400 32427
293162884 13162
138556441 3773
52374169 16568
34468641 2444
441882441 22175
152028900 10563
235776025 7228
227436561 18049
228644641 27851
723018321 16638
17347225 9579
913936 23410
513475600 32
743325696 3762
81884401 8222
512656 6172
504541444 13125
389746564 18230
545035716 19688
20025625 20114
145033849 24018
537729721 7157
944578756 28043
828173284 31671
86062729 30935
341880100 2925
79995136 6528
55950400 16326
644296689 23381
152100 435
9628609 25203
997549056 9931
85581001 18115
440896 18669
43099225 18628
855562500 16679
636502441 17291
291453184 18902
93721761 8
65561409 3087
81540900 19850
142969849 7230
395771236 901
44782864 10765
370562500 20628
175085824 26504
415874449 31418
301647424 27518
2149156 29933
522716769 4906
971880625 28117
130782096 10002
230402041 15313
769896009 18224
107101801 19003
1607824 25168
37222201 27629
215796100 15545
470629636 14083
66699889 18959
72658576 19939
494884516 24184
171295744 14715
2461761 31486
581147449 14538
1936 14645
626150529 10658
38167684 6685
9314704 28332
1081600 15433
99860049 30380
275161744 15681
676052001 18694
111028369 18982
270043489 15234
204861969 9108
977312644 13644
669360384 6348
265690000 9023
469458889 15891
23941449 354
359747089 25173
2304 7603
822657124 2062
121727089 30756
341547361 25963
10745284 25572
502566724 12204
883932361 19935
641659561 13772
557243236 19592
414936900 3684
797497600 23766
20736 23757
289408144 28812
93508900 29060
13249600 12734
138509361 18899
189888400 8081
460231209 12974
873852721 26690
191877904 4828
5180176 9322
161696656 8279
145974724 22400
816930724 1268
212634724 22943
207648100 13894
46144849 3721
577537024 1216
384826689 3565
461820100 9755
245016409 8421
327754816 16119
287641600 14531
328769424 12229
300432889 17165
569872384 10468
13675204 32454
49617936 18954
2686321 14063
27556 20710
118897216 1614
102111025 6916
64786401 2158
827080081 32496
172817316 7143
57259489 16542
20178064 6623
454116100 9481
35081929 9937
154306084 26907
562500 142
904986889 8141
469328896 28033
316555264 15247
784560100 12598
523997881 18154
351825049 10782
194853681 4196
74390625 31884
246898369 19876
16321600 28420
89813529 31190
76176 23477
194239969 29521
802248976 23364
558187876 7287
7049025 3275
540376516 989
491420224 7970
303386724 22445
553284484 32605
39601 10312
838971225 20629
640494864 15919
358307041 4332
865242225 1827
260725609 4043
832899600 24203
1909924 6510
931653529 13591
329640336 31651
968080996 23459
441882441 18382
11142244 30046
456890625 30257
15816529 21803
393268561 20074
316969 19015
288694081 14653
12616704 8236
310605376 24468
639988804 21942
634334596 15044
751911241 20357
51984100 31250
272745225 2466
631114884 24950
50197225 3173
306075025 1439
151708489 10390
403849216 2358
1265625 16082
283922500 16231
46321636 5680
71842576 22430
139876 1573
294705889 30350
602176 30629
589761225 24696
636552900 395
330621489 6314
619064161 9275
325116961 6726
221265625 26758
459202041 3652
9345249 26062
14258176 8890
642571801 29546
240715225 26459
175880644 2379
187662601 21310
525968356 5088
963357444 22498
785064361 16184
575136324 9582
5875776 32103
8886361 1085
380250000 19498
251761689 26521
152448409 32206
925984900 7623
10112400 2381
64673764 16709
417589225 9659
316306225 20303
401601600 13536
760711561 1959
157954624 16679
67305616 31126
603684900 4791
378302500 25134
916636176 8159
876929769 16339
38912644 23735
495196009 16122
247590225 11780
107391769 25647
280897600 861
415670544 5981
453775204 23692
709956025 29770
23464336 15927
880961761 1121
895685184 22976
883813441 17844
240002064 27753
541772176 9025
81866304 6588
10699441 17012
30276 17706
647906116 18926
1779556 12018
697963561 1413
591267856 22596
167702500 2956
525968356 29350
177822225 18260
405216900 24216
287913024 3314
982446336 32115
192155044 6723
5285401 23191
1121481 10542
809174916 28613
717061284 30505
655564816 2250
969761881 26111
14508481 2654
188870049 6608
242829889 8267
64673764 14425
172869904 5842
245047716 11637
856498756 25418
14577124 6372
992880100 8202
119836809 18764
811452196 32649
872139024 26749
51322896 31428
54390625 15609
314565696 16096
877759129 9396
319908996 7697
46335249 11544
496532089 1978
159087769 27724
28708164 19414
47472100 32694
23386896 11670
484616196 21439
26915344 2379
46444225 6358
246270249 4487
171583801 2487
423207184 26495
294637225 26349
372412804 4788
819734161 19349
968827876 7123
69522244 16230
392634225 20185
333318049 10734
33790969 26746
723233449 2846
725979136 12996
503733136 7433
333902529 21760
444830281 17129
668119104 23257
3844 26979
33605209 14016
959326729 15372
278856601 17294
420824196 21547
572214241 2411
487879744 17601
653466969 18927
1454436 10182
184769649 6024
332259984 4278
443987041 31772
38118276 2124
972753721 29423
78960996 30093
28561 14790
600740100 6153
569824641 15693
607474609 30558
30924721 9398
226321936 27645
5125696 16547
402644356 9521
349281 24902
425844496 20573
424813321 22470
519520849 17797
408646225 9957
597362481 23823
897541681 9953
607178881 21195
242674084 8343
47155689 23090
921365316 9198
61246276 18411
551921049 7539
43930384 29844
931043169 28481
65157184 15550
181791289 4388
486555364 16953
134768881 31742
322992784 21139
1117249 25705
219750976 5851
686911681 2205
651066256 28842
1560001 5525
257153296 10341
41036836 26477
573219364 20668
361608256 10511
50154724 886
4084441 5902
660335809 23409
120275089 27090
1345600 20452
882090000 10998
223233481 21736
225900900 31214
936910881 25911
595067236 1005
6061444 22835
486643600 13061
52678564 12074
591608329 22673
366645904 10456
237160000 22224
165456769 25133
528529 3538
232684516 17745
210946576 3992
14493249 32742
156875625 24439
670758201 23949
599074576 16573
130416400 11179
475327204 22679
168766081 2669
491908041 10034
350288656 20233
329821921 7201
37896336 23367
152942689 18943
25674489 3649
262144 32085
337897924 12902
487526400 15037
769230225 3269
467727129 26696
979815204 29065
915849 9758
158608836 447
73170916 6756
300536896 30304
421357729 13411
59274601 7307
171924544 10982
990297961 26386
355360201 14819
223951225 14648
59799289 25438
149084100 20153
64192144 14219
508547601 25867
171007929 26675
159542161 2532
554649601 11096
73462041 13052
135424 12572
90649441 788
155500900 12511
208484721 24631
739840000 20904
133263936 16192
409576644 29126
660592804 18588
288932004 4535
58644964 14929
460059601 26184
432972864 11071
1734489 22014
321341476 5030
279424656 26037
574369156 16105
33605209 22663
301404321 2706
6723649 1775
963419521 5781
33005025 12590
767345401 19161
123810129 20718
25623844 22004
285272100 11814
277855561 2359
503060041 15165
48011041 13802
696220996 31858
943349796 28632
154430329 32379
6245001 22799
687750625 8300
17313921 23265
22061809 13531
2175625 28718
322992784 15938
974126521 25830
789666201 19108
14227984 11977
466257649 12916
378030249 17265
168428484 16050
240715225 3987
522213904 31319
7728400 29570
365115664 13043
12988816 26868
533656201 27797
866761 13833
81522841 19691
331422025 20873
763472161 16810
50951044 23661
348120964 26160
596922624 21666
28676025 27753
898440676 25865
18783556 3311
72361 30402
269583561 17013
324108009 26538
467856900 21605
33802596 2594
263705121 29896
5527201 21011
226562704 30055
742562500 21295
579653776 22575
50509449 29817
25452025 16090
462895225 32007
625681 32204
930677049 24070
287472025 22075
936849664 24064
656538129 7059
913006656 2394
198330889 18457
25765776 3105
334487521 17614
121132036 22790
988976704 26774
615684969 16806
495374049 29337
332332900 25615
350663076 1002
664225 4480
341056 23655
18636489 4721
224280576 24288
871194256 27603
844716096 8315
731269764 2457
839056 1878
217267600 29303
3845521 15471
671639056 26858
111851776 29889
600201001 7544
897601600 21936
820364164 22073
4313929 30887
188156089 12182
529506121 20992
1520289 23121
20403289 32548
8526400 31430
957407364 16371
893890404 3440
574992441 8038
900 29870
967521025 3954
240436036 5063
151659225 31792
603144481 6956
225930961 6716
756470016 27134
24940036 29787
23232400 10448
186295201 31840
43270084 430
833569 9040
47955625 6494
800267521 15556
809743936 11749
102880449 12687
83083225 32334
981380929 17825
217828081 24486
55636681 29995
62078641 9035
13601344 11524
24990001 12903
443228809 25164
890962801 695
84824100 19791
44809636 18577
824723524 19371
280160644 2597
120318961 11702
179854921 30723
483120400 29466
85877289 11997
375313129 15042
724471056 18062
77141089 27130
56595529 21084
224340484 20177
319408384 13946
411237841 16834
152881 30417
41860900 2708
471628089 25345
547326025 3199
623800576 17314
740656225 32144
85599504 27855
1836025 11599
321592489 23013
23213124 7838
550934784 13960
30371121 30948
71031184 30951
784728169 5227
654694569 28993
215443684 9735
22052416 29353
773173636 19961
52896529 30982
779973184 3602
79103236 28765
391446225 27420
76073284 339
925376400 15733
19660356 1773
521574244 29949
94400656 4507
832380201 21554
167391844 7029
217149696 26266
457917201 20932
648975625 13922
586850625 6084
523860544 1348
335292721 9896
839898361 3246
823288249 28383
509675776 2336
31248100 7830
15492096 5333
442387089 29054
9840769 5543
611424529 11727
437813776 16941
64577296 29325
29822521 550
538756 15114
308880625 11802
420086016 15276
815409 29246
156375025 31728
503329225 22681
955366281 20911
873143401 15973
751582225 8608
505575225 14520
40081561 2335
219961 11363
106213636 21804
983951424 7450
953759689 27319
544335561 30678
440832016 1051
938319424 23672
40335201 26600
616131684 10927
198443569 31973
179131456 22043
150136009 24405
755920036 17843
20052484 23418
165649 16996
214329600 29016
628404624 14586
57471561 17851
429981696 21316
24740676 9339
352951369 11379
269353744 30719
231526656 9412
144841225 23040
689062500 6239
241647025 8591
260531881 32126
384669769 4698
829728025 11729
90601 4395
420660100 24354
375390625 433
455395600 3893
672624225 12675
592046224 26354
5225796 29794
403225 22725
254689681 21950
865124569 32326
386948241 892
544942336 30997
107952100 22007
460789156 23304
360316324 6469
35247969 22921
86657481 31675
318908164 20537
129049600 17843
409779049 22234
104878081 16012
446941881 28267
193182201 25331
10784656 2452
324360100 20577
89434849 29765
828576225 2533
797610564 24219
672157476 31268
860600896 3843
703734784 22174
505395361 32673
1123600 18483
927019809 27379
998307216 31973
194490916 2993
22071204 1759
257049 5112
241243024 11447
449694436 8104
482593024 3824
60025 9739
554367025 18115
172738449 11959
622302916 25118
261565929 19893
105904681 24814
14371681 10978
50268100 6042
69472225 6294
55041561 6863
408646225 32132
473628169 6275
481626916 5601
97969 16948
79869969 20425
798345025 11377
343657444 18142
30558784 18332
74218225 9010
16273156 21998
149769 24423
451690009 699
71824 14868
802702224 32504
82755409 22123
214446736 18170
285035689 20505
87965641 30080
899400100 18030
133356304 18420
147622500 8894
30813601 14318
1156 7687
701455225 19962
27984100 18899
693426889 4507
92179201 8288
870545025 14992
316626436 24575
1471369 1877
1490841 13754
237899776 23789
54508689 31545
219602761 5087
43230625 3047
135536164 5759
14523721 30032
478078225 13422
133356304 1741
600544036 20324
376360000 1124
622003600 17709
228553924 234
508096681 15090
852114481 9066
730026361 11706
781034809 23499
487835569 27696
430355025 19116
434430649 23975
90859024 24723
173765124 14939
232806564 30791
229734649 6394
36747844 28794
425184400 30051
742072081 2219
430336 5293
913731984 1355
27720225 27243
800720209 24351
131194116 25390
113614281 485
998560000 14412
176863401 24122
126202756 12512
57820816 21179
179265321 29714
26224641 12395
515925796 20633
45239076 24149
420291001 7550
943042681 24690
264387600 6178
141562404 17868
1292769 25474
8573184 16868
629357569 3258
121638841 30033
653876041 14536
783225 10667
12737761 24467
132733441 1191
723502404 14380
536848900 30339
299739969 14931
204032656 26533
209120521 22845
601819024 27007
128981449 23444
605947456 28341
186814224 29888
171396 20098
71199844 869
2692881 5976
9102289 6444
414651769 29894
270503809 12231
71537764 11423
408484521 12079
187690000 30553
30481441 10544
35141184 14259
104448400 28200
843205444 21914
412008804 24332
121286169 16462
26234884 8363
555309225 23489
1833316 5175
889888561 23872
172396900 14593
99880036 23380
15657849 23428
760380625 5355
100160064 13733
147452449 13235
767234601 25657
697225 3527
18769 21960
606095161 10893
197880489 5776
451265049 3806
259886641 7629
87684496 5224
142539721 56
444324241 20561
585882025 11214
748569600 19741
380796196 4306
79995136 7122
922822884 23573
195832036 90
725063329 9845
750486025 15656
715455504 15780
298183824 16927
912462849 27179
267944161 17071
56806369 22190
199120321 30529
274068025 31857
70324996 3541
481670809 14619
661312656 3561
370755025 29114
24649 13213
3045025 26376
57501889 1558
164968336 7917
620657569 11552
358193476 1860
33721249 18967
80694289 13794
343396 22535
537544225 27092
508592704 22290
642673201 12777
1435204 18194
89624089 23665
278489344 13696
669515625 5187
637764516 25237
664608400 20229
46744569 16814
834169924 28839
55442916 22773
451775025 18481
214974244 17470
517744516 18879
239816196 24367
675220225 10697
150332121 23204
280160644 15784
330548761 16721
53085796 17750
22382361 12202
919726929 630
368140969 17151
622801936 16532
342842256 1004
449228025 12973
962985024 20464
911436100 18930
801965761 1628
191351889 27081
418284304 31855
842973156 7445
368025856 31935
8491396 12471
469892329 21978
422836969 22357
396049801 15406
604520569 14937
596776041 806
21977344 7229
89189136 29078
6210064 28679
891440449 13657
719741584 2575
580810000 14905
569251881 19976
150454756 26638
904084624 32318
43020481 3114
892276641 4125
256512256 29173
40081561 10739
382241601 28373
2735716 11767
736036900 25937
423083761 30345
23164969 885
371718400 10171
165251025 16504
93547584 14865
24235929 23964
897661521 8837
951167281 28246
131377444 15310
827367696 11183
183710916 21730
217267600 5866
20848356 2234
376321201 12135
444745921 17237
513430281 16327
211033729 6143
512931904 1617
431849961 19667
957778704 15508
750924409 16255
207936 16974
105884100 1863
728946001 28557
33281361 30797
3740356 21012
4012009 27663
61512649 23040
50623225 29489
783888004 14764
